0.001466
0.001525
0.000942
0.000467
0.001721
0.000709
0.000909
0.000706
0.000539
0.000513
0.001272
0.000951
0.000561
0.001232
0.000621
0.001515
0.000659
0.000448
0.000579
0.000700
0.000837
0.001547
0.000721
0.001276
0.000736
0.001554
0.000494
0.001232
0.000504
0.000479
0.001000
0.000589
0.000526
0.000725
0.001511
0.000453
0.001312
0.000710
0.000729
0.000502
0.000762
0.000735
0.000589
0.000701
0.000728
0.000477
0.000775
0.000951
0.001429
0.000600
0.000503
0.001373
0.000565
0.001540
0.000493
0.001734
0.001223
0.000928
0.001686
0.000535
0.000730
0.001079
0.000528
0.000571
0.000940
0.001078
0.000677
0.000727
0.000483
0.000486
0.000698
0.000643
0.000473
0.000555
0.000675
0.001528
0.000529
0.001412
0.000759
0.000557
0.001442
0.000493
0.000555
0.000529
0.000528
0.001381
0.000771
0.000710
0.000815
0.000725
0.002174
0.001386
0.000474
0.000629
0.000522
0.000492
0.000586
0.000517
0.001043
0.001454
0.000670
0.000711
0.000481
0.000571
0.001336
0.000697
0.001368
0.002249
0.001367
0.000696
0.000489
0.000910
0.000889
0.000708
0.001556
0.000550
0.001053
0.000718
0.000577
0.000534
0.000734
0.000515
0.001529
0.000625
0.000943
0.000738
0.000450
0.000771
0.000742
0.001214
0.000613
0.000702
0.000483
0.000730
0.001272
0.000935
0.001425
0.000726
0.001546
0.001374
0.000471
0.000522
0.000754
0.000503
0.000704
0.001501
0.001556
0.000943
0.000700
0.000512
0.000536
0.000701
0.001550
0.001536
0.000733
0.000489
0.000488
0.000523
0.001532
0.001370
0.000514
0.001988
0.000721
0.001250
0.000634
0.000942
0.000708
0.000520
0.001515
0.001560
0.000442
0.000502
0.001525
0.000945
0.000985
0.002234
0.000451
0.000853
0.000528
0.000729
0.001508
0.001490
0.000532
0.000730
0.000531
0.001077
0.000536
0.000515
0.000852
0.000697
0.000701
0.002277
0.000506
0.000711
0.000871
0.001041
0.000538
0.000518
0.001350
0.000953
0.000707
0.000714
0.000589
0.000708
0.000477
0.000561
0.001014
0.000702
0.000478
0.000479
0.001093
0.000704
0.000514
0.000946
0.000467
0.000446
0.000912
0.000499
0.000612
0.000714
0.000705
0.000825
0.000542
0.000583
0.001297
0.000476
0.002324
0.000546
0.000462
0.001315
0.000480
0.001538
0.000693
0.000506
0.000486
0.000990
0.001216
0.000528
0.000938
0.001694
0.000552
0.001241
0.000527
0.000726
0.000544
0.000739
0.001811
0.000443
0.000960
0.001512
0.000769
0.000533
0.000474
0.001032
0.000558
0.001371
0.001459
0.000483
0.000538
0.000890
0.000715
0.000969
0.001021
0.000712
0.002389
0.001332
0.000943
0.000670
0.001902
0.000528
0.000559
0.000710
0.001397
0.000775
0.000908
0.001513
0.000560
0.000503
0.001458
0.001530
0.001498
0.001001
0.000597
0.001550
0.000528
0.000481
0.000930
0.001569
0.001173
0.000673
0.000448
0.001025
0.000491
0.000538
0.000502
0.001420
0.000615
0.000551
0.000622
0.000524
0.000752
0.001340
0.000751
0.000559
0.000953
0.000504
0.000632
0.001329
0.001425
0.001503
0.001495
0.000493
0.000570
0.000703
0.000525
0.001530
0.001523
0.001923
0.000545
0.001526
0.001240
0.000706
0.000560
0.000904
0.000839
0.000953
0.000705
0.000705
0.000557
0.000704
0.000702
0.000504
0.001107
0.000739
0.000471
0.001334
0.000719
0.000542
0.000473
0.001352
0.000488
0.001131
0.001540
0.001612
0.000738
0.000742
0.001459
0.000573
0.000704
0.002034
0.000570
0.001493
0.001072
0.000459
0.001236
0.000536
0.000592
0.000736
0.000702
0.001351
0.000540
0.001518
0.000546
0.000749
0.001942
0.000487
0.000725
0.000706
0.000477
0.001704
0.002013
0.001490
0.000487
0.000971
0.000509
0.000547
0.000960
0.000874
0.000626
0.001295
0.000520
0.000742
0.000940
0.000545
0.000710
0.000707
0.000700
0.000704
0.000517
0.000810
0.001015
0.000530
0.001042
0.000728
0.000735
0.000464
0.001197
0.000634
0.001457
0.000525
0.001382
0.000723
0.001638
0.000481
0.000471
0.001396
0.000469
0.000503
0.001081
0.001472
0.000542
0.000940
0.000509
0.000605
0.001722
0.000949
0.000878
0.000687
0.000739
0.000713
0.000540
0.000722
0.000712
0.000525
0.000702
0.000707
0.000463
0.000548
0.000694
0.001504
0.000512
0.000944
0.000495
0.000532
0.000556
0.001501
0.001437
0.000600
0.000527
0.001493
0.001552
0.001090
0.001668
0.000555
0.000705
0.000473
0.000566
0.001367
0.000698
0.000489
0.000534
0.000516
0.000464
0.000731
0.001245
0.000727
0.000513
0.000739
0.000527
0.000721
0.000540
0.000533
0.000733
0.000500
0.000938
0.001497
0.001591
0.000702
0.000501
0.000522
0.001341
0.000511
0.000462
0.000567
0.001466
0.000586
0.000633
0.000668
0.000559
0.000552
0.000699
0.000941
0.000587
0.000538
0.000728
0.000584
0.000695
0.001044
0.001577
0.000513
0.000681
0.001243
0.000542
0.000611
0.000600
0.000522
0.000721
0.000982
0.000594
0.000672
0.003427
0.004029
0.003626
0.003256
0.003724
0.002810
0.003330
0.002807
0.003510
0.003000
0.003832
0.003452
0.003280
0.003356
0.003038
0.003725
0.003786
0.003517
0.002786
0.004120
0.003549
0.003358
0.004063
0.002739
0.003635
0.003506
0.003642
0.003062
0.003630
0.004188
0.003912
0.003610
0.003737
0.003176
0.003219
0.003359
0.003557
0.003609
0.003393
0.004850
0.003540
0.003587
0.002634
0.003465
0.003171
0.003512
0.002911
0.003808
0.003524
0.003836
0.003166
0.003125
0.003671
0.002679
0.003227
0.003414
0.002969
0.003603
0.003933
0.004061
0.003598
0.004407
0.002745
0.003030
0.003372
0.003390
0.004831
0.004466
0.003621
0.004212
0.003502
0.004481
0.003747
0.002649
0.003092
0.004551
0.003364
0.003954
0.003674
0.003498
0.003146
0.003541
0.003753
0.003519
0.003629
0.003580
0.003188
0.004118
0.003225
0.003614
0.002834
0.004315
0.004678
0.003115
0.003831
0.004056
0.003686
0.003836
0.002690
0.003274
0.004024
0.003666
0.003962
0.003000
0.003316
0.003870
0.003132
0.004530
0.003303
0.003671
0.003893
0.003690
0.003548
0.003623
0.004951
0.003468
0.003442
0.002812
0.002772
0.003528
0.003614
0.002751
0.003454
0.003698
0.003619
0.003900
0.003343
0.003458
0.003628
0.002990
0.004020
0.005284
0.003541
0.003496
0.003733
0.002738
0.003290
0.003862
0.003757
0.003472
0.003764
0.003236
0.003443
0.003368
0.003723
0.003094
0.003862
0.002885
0.003932
0.003983
0.003568
0.003333
0.003503
0.004361
0.003938
0.003061
0.003760
0.003542
0.003508
0.004733
0.003503
0.002983
0.004158
0.003387
0.002898
0.003573
0.003604
0.003609
0.003806
0.003528
0.003602
0.003484
0.003827
0.003922
0.003880
0.003464
0.004604
0.003716
0.003263
0.003480
0.003201
0.004064
0.003190
0.004085
0.003662
0.003980
0.002653
0.003885
0.003213
0.004046
0.003530
0.004739
0.003601
0.003846
0.003278
0.003390
0.004918
0.003247
0.003064
0.003570
0.003050
0.003091
0.003554
0.003210
0.003697
0.003211
0.003523
0.003801
0.003514
0.002635
0.003636
0.003819
0.003570
0.003353
0.003609
0.003519
0.004091
0.004009
0.003438
0.002905
0.003894
0.003476
0.003820
0.003929
0.003413
0.002979
0.003477
0.003908
0.003634
0.003848
0.003552
0.003852
0.003523
0.003996
0.003283
0.003730
0.002944
0.004114
0.003773
0.003285
0.004045
0.003657
0.003663
0.003835
0.003497
0.003054
0.004580
0.003669
0.003565
0.003754
0.003700
0.002995
0.003832
0.004274
0.003356
0.004037
0.003694
0.003598
0.003234
0.003828
0.003874
0.003945
0.002983
0.003080
0.003624
0.003787
0.003298
0.003015
0.003453
0.002916
0.003574
0.003565
0.003602
0.003096
0.004242
0.003603
0.003615
0.003442
0.004486
0.003170
0.003217
0.003531
0.003636
0.003084
0.003807
0.003260
0.003122
0.003573
0.003613
0.004097
0.003621
0.004094
0.003591
0.003311
0.002908
0.003717
0.002809
0.003274
0.003317
0.003675
0.004061
0.004496
0.004340
0.002589
0.004233
0.003935
0.003886
0.003755
0.003323
0.003847
0.004119
0.003079
0.003147
0.003017
0.003994
0.003506
0.003781
0.003801
0.003505
0.003073
0.003735
0.003780
0.003739
0.003606
0.003029
0.003150
0.004726
0.003510
0.002589
0.003480
0.002818
0.003158
0.003911
0.002687
0.003671
0.003254
0.003566
0.003782
0.003594
0.003862
0.003708
0.003139
0.003146
0.002747
0.003456
0.003236
0.004394
0.003435
0.003152
0.003039
0.003418
0.003706
0.003696
0.003059
0.003846
0.003868
0.003012
0.003803
0.003709
0.003684
0.004197
0.003058
0.003673
0.003880
0.003084
0.003524
0.002837
0.003314
0.003528
0.003520
0.003293
0.003524
0.003876
0.002863
0.003569
0.004634
0.003809
0.003826
0.003391
0.003779
0.003876
0.003337
0.003869
0.003730
0.003247
0.002985
0.002739
0.003036
0.003884
0.004956
0.003626
0.004045
0.003908
0.004717
0.003427
0.003067
0.003141
0.003667
0.002629
0.003768
0.004100
0.003771
0.004041
0.003449
0.003706
0.002708
0.003804
0.003043
0.003703
0.003248
0.003376
0.002694
0.003688
0.003557
0.003537
0.003488
0.002947
0.003636
0.003774
0.003218
0.002904
0.002662
0.003501
0.003475
0.003935
0.003266
0.003849
0.003402
0.002969
0.003696
0.003677
0.003602
0.003380
0.003472
0.003930
0.003897
0.003620
0.003870
0.003769
0.003785
0.003256
0.002769
0.004123
0.003758
0.003846
0.003215
0.003574
0.003479
0.003604
0.004071
0.003716
0.003946
0.004955
0.004131
0.002711
0.003562
0.004515
0.004403
0.003286
0.003414
0.003508
0.002802
0.003646
0.004136
0.002897
0.003044
0.003781
0.003726
0.004308
0.002816
0.003597
0.004461
0.003825
0.003624
0.003280
0.003824
0.003548
0.003191
0.004198
0.003971
0.003680
0.003843
0.004136
0.003389
0.005112
0.003249
0.003154
0.003551
0.003877
0.003824
0.003429
0.003086
0.002767
0.002777
0.003646
0.004470
0.003985
0.002634
0.003176
0.003499
