0.000527
0.000752
0.000533
0.000692
0.000966
0.000952
0.000963
0.000503
0.000529
0.000507
0.000490
0.000537
0.000623
0.000488
0.000586
0.000502
0.000557
0.000485
0.000470
0.000914
0.000547
0.000544
0.000637
0.000538
0.001078
0.000503
0.000957
0.000515
0.001052
0.000558
0.000500
0.000915
0.000499
0.000524
0.000512
0.001747
0.000538
0.000466
0.000505
0.000535
0.000534
0.000507
0.000519
0.000454
0.000454
0.000536
0.000522
0.000905
0.000483
0.000478
0.000584
0.000534
0.000518
0.000531
0.000909
0.000530
0.000517
0.000974
0.000509
0.000488
0.000524
0.000517
0.000584
0.000702
0.000445
0.000470
0.000494
0.000496
0.000550
0.000493
0.000531
0.000503
0.000524
0.000676
0.000600
0.000524
0.000520
0.000502
0.000537
0.000791
0.000954
0.000503
0.000963
0.001357
0.000506
0.000541
0.000799
0.000469
0.000535
0.000611
0.000499
0.000549
0.000506
0.000492
0.000478
0.000502
0.001685
0.000519
0.000488
0.000597
0.000954
0.000546
0.000482
0.000935
0.000513
0.000470
0.000589
0.000575
0.000536
0.000486
0.000971
0.000510
0.000550
0.000533
0.000910
0.000498
0.000474
0.000526
0.000507
0.000532
0.000497
0.000488
0.000784
0.000487
0.000539
0.000489
0.000480
0.000525
0.000531
0.000985
0.000510
0.000508
0.000701
0.001198
0.000520
0.000504
0.000543
0.000538
0.000520
0.000530
0.000490
0.000516
0.000505
0.000451
0.000929
0.000525
0.000524
0.000662
0.000557
0.000682
0.000957
0.000493
0.000498
0.001252
0.000539
0.000499
0.000499
0.001213
0.000476
0.001216
0.000539
0.000520
0.000537
0.000502
0.000520
0.000499
0.000652
0.001140
0.000977
0.000526
0.000515
0.000505
0.001450
0.000543
0.000488
0.000483
0.000568
0.000491
0.000895
0.000514
0.000482
0.001220
0.000494
0.000814
0.000510
0.000525
0.001245
0.000511
0.000534
0.000551
0.000492
0.000507
0.000954
0.000552
0.000518
0.000490
0.000989
0.000589
0.000516
0.001154
0.000552
0.000524
0.001726
0.000505
0.000528
0.000944
0.000511
0.000535
0.000892
0.000517
0.000543
0.000480
0.000510
0.000528
0.000564
0.000501
0.000529
0.000545
0.000481
0.000492
0.000535
0.000410
0.000550
0.001010
0.000467
0.001187
0.000528
0.000527
0.000880
0.000489
0.000537
0.000870
0.000546
0.000486
0.001379
0.000966
0.000521
0.000611
0.000479
0.000520
0.000537
0.000472
0.000512
0.000477
0.000511
0.000477
0.000711
0.000891
0.000506
0.000473
0.000670
0.000482
0.000504
0.000500
0.000478
0.000477
0.000903
0.000562
0.000576
0.000498
0.000958
0.000507
0.000832
0.000950
0.000483
0.000481
0.000519
0.000511
0.000493
0.000685
0.000556
0.000476
0.000527
0.000489
0.000472
0.000474
0.000703
0.000519
0.000488
0.000543
0.000964
0.000968
0.001163
0.000504
0.000564
0.000476
0.000495
0.000492
0.000596
0.000978
0.000966
0.000554
0.001746
0.000962
0.000514
0.000518
0.000533
0.000522
0.000527
0.000495
0.000512
0.000490
0.001500
0.000502
0.000493
0.000496
0.000543
0.000518
0.000533
0.000517
0.000453
0.000645
0.000508
0.000578
0.000725
0.000498
0.000955
0.000956
0.000481
0.000953
0.000869
0.000520
0.001110
0.000968
0.001438
0.000524
0.000527
0.000463
0.000981
0.000438
0.000955
0.000526
0.000484
0.001218
0.000520
0.000552
0.000510
0.000501
0.000505
0.000529
0.000456
0.000495
0.000960
0.000481
0.000538
0.000492
0.000486
0.000498
0.000783
0.000539
0.000513
0.000746
0.000466
0.000565
0.000473
0.000523
0.000523
0.000535
0.001745
0.000479
0.000509
0.000485
0.000530
0.000521
0.000713
0.000702
0.000903
0.000524
0.000589
0.000476
0.001832
0.000521
0.001201
0.000545
0.000549
0.000483
0.000484
0.000526
0.000510
0.000547
0.000497
0.000498
0.000945
0.000545
0.001077
0.000827
0.000460
0.000518
0.000719
0.000957
0.000461
0.000542
0.000950
0.000555
0.000526
0.001380
0.000528
0.000920
0.000481
0.000496
0.000906
0.000527
0.000469
0.000472
0.000536
0.000508
0.000445
0.000644
0.000558
0.000477
0.001751
0.000543
0.000503
0.001168
0.000530
0.000512
0.000484
0.000453
0.000530
0.000512
0.001373
0.000561
0.000512
0.000521
0.001231
0.000529
0.000662
0.000523
0.000467
0.000539
0.000526
0.000941
0.000529
0.000495
0.000474
0.000467
0.000504
0.000500
0.000521
0.000717
0.000974
0.000975
0.000762
0.000545
0.000448
0.001721
0.000510
0.000969
0.000977
0.000928
0.000513
0.000788
0.000541
0.000522
0.000929
0.000960
0.000513
0.000507
0.000627
0.000554
0.000503
0.000501
0.001229
0.000506
0.000484
0.000500
0.000503
0.000481
0.001233
0.000522
0.000562
0.000546
0.000485
0.001314
0.002004
0.000530
0.000509
0.000467
0.000503
0.000498
0.000779
0.000513
0.000568
0.000915
0.000503
0.000517
0.000916
0.000502
0.000547
0.000977
0.000492
0.000514
0.001416
0.000480
0.000526
0.000496
0.000481
0.000534
0.001000
0.000547
0.002923
0.002777
0.002782
0.002620
0.002549
0.002763
0.002631
0.002609
0.002645
0.002507
0.002684
0.002980
0.002245
0.002602
0.002624
0.002553
0.002362
0.002552
0.002962
0.002604
0.002276
0.002721
0.002100
0.002660
0.002757
0.002595
0.002096
0.002609
0.002592
0.002693
0.002653
0.002731
0.002426
0.002387
0.002883
0.002674
0.002756
0.002101
0.002718
0.002661
0.003561
0.002229
0.002640
0.002209
0.002720
0.002662
0.003701
0.002638
0.002543
0.003124
0.002561
0.002651
0.002626
0.003429
0.003577
0.002629
0.002762
0.002587
0.002631
0.003252
0.002800
0.002618
0.002440
0.003000
0.002724
0.002944
0.003019
0.002665
0.002640
0.002599
0.002584
0.002663
0.003009
0.003725
0.003623
0.002632
0.002642
0.002643
0.002138
0.002920
0.002654
0.002918
0.003533
0.002658
0.002780
0.003226
0.002531
0.002231
0.003486
0.002619
0.002767
0.002614
0.003501
0.003589
0.002660
0.002492
0.002522
0.002661
0.002666
0.002544
0.002677
0.002747
0.003465
0.002612
0.003313
0.002926
0.002164
0.003120
0.003311
0.002337
0.002642
0.002612
0.002189
0.002564
0.002566
0.002930
0.002697
0.002488
0.003342
0.002632
0.002801
0.004192
0.002586
0.002173
0.002724
0.002143
0.002640
0.002696
0.002637
0.002668
0.002655
0.002127
0.002638
0.002507
0.002577
0.002674
0.002671
0.002599
0.002683
0.002607
0.002421
0.002691
0.002653
0.002616
0.002722
0.002268
0.002898
0.002605
0.002724
0.002646
0.002661
0.002564
0.002712
0.002687
0.002741
0.002964
0.002697
0.002636
0.002805
0.002123
0.002663
0.002611
0.002683
0.002255
0.003085
0.002200
0.003140
0.002797
0.002603
0.002622
0.002726
0.002675
0.002184
0.002613
0.002253
0.002676
0.003621
0.002680
0.002620
0.003130
0.002091
0.002725
0.002607
0.002667
0.002677
0.002582
0.002616
0.002724
0.002706
0.002682
0.002669
0.002651
0.002814
0.002508
0.002145
0.003217
0.002721
0.002666
0.003037
0.002184
0.002706
0.002574
0.002676
0.002655
0.002206
0.002541
0.002624
0.002622
0.002754
0.002714
0.003373
0.002701
0.002599
0.003089
0.002185
0.002616
0.002115
0.003091
0.002629
0.002267
0.003467
0.002678
0.002687
0.002972
0.002585
0.002644
0.002359
0.002605
0.002677
0.002578
0.002196
0.003052
0.002725
0.002234
0.002690
0.002640
0.002651
0.002617
0.002864
0.002688
0.002669
0.002339
0.002179
0.002512
0.003821
0.002182
0.003080
0.002376
0.002602
0.002284
0.002801
0.002640
0.002693
0.002793
0.002646
0.002767
0.003285
0.002318
0.002814
0.002621
0.002654
0.002659
0.002741
0.002647
0.002720
0.002691
0.002707
0.002662
0.002250
0.002665
0.002751
0.002539
0.002648
0.002654
0.002175
0.002622
0.002786
0.002675
0.002708
0.003614
0.003567
0.002651
0.003210
0.002769
0.002533
0.002919
0.002267
0.002101
0.003128
0.002711
0.002736
0.002757
0.002617
0.002686
0.002404
0.002191
0.002586
0.002761
0.002745
0.002721
0.002683
0.002671
0.002090
0.002645
0.002754
0.002551
0.002727
0.003580
0.002645
0.002670
0.002345
0.002663
0.002647
0.002301
0.002615
0.002671
0.002615
0.002376
0.002813
0.002664
0.002548
0.002189
0.002975
0.002274
0.002282
0.002518
0.002106
0.002575
0.002638
0.002666
0.002233
0.003510
0.002620
0.002787
0.002274
0.002706
0.002688
0.003145
0.002740
0.002563
0.002668
0.002720
0.002736
0.002570
0.002987
0.002703
0.002564
0.003532
0.002444
0.002101
0.002220
0.002631
0.002203
0.002699
0.002229
0.002263
0.002878
0.002567
0.002697
0.002614
0.002672
0.003303
0.002809
0.003362
0.002796
0.002680
0.002656
0.003203
0.002741
0.002744
0.002486
0.002648
0.002189
0.003256
0.002616
0.002678
0.002620
0.002205
0.002653
0.002982
0.002278
0.002961
0.003034
0.002229
0.002815
0.002331
0.002652
0.002618
0.002651
0.002767
0.002661
0.002609
0.002692
0.002716
0.003116
0.002593
0.002643
0.002413
0.003866
0.002560
0.002730
0.002667
0.002741
0.002594
0.003571
0.002238
0.002262
0.002212
0.003529
0.002186
0.002675
0.002618
0.002244
0.002583
0.002639
0.002703
0.002667
0.002727
0.002710
0.002636
0.002313
0.002762
0.002293
0.002710
0.002732
0.002702
0.002640
0.002681
0.002692
0.002623
0.003154
0.002604
0.002598
0.002580
0.002614
0.002612
0.003006
0.002731
0.002671
0.002337
0.002645
0.002687
0.002619
0.002363
0.002724
0.002314
0.002688
0.002894
0.002288
0.002853
0.002720
0.002720
0.003664
0.002185
0.002632
0.002938
0.002185
0.002739
0.002715
0.002176
0.002584
0.002209
0.002604
0.002605
0.002193
0.003548
0.002476
0.002670
0.002703
0.002240
0.002657
0.002494
0.002342
0.002226
0.002711
0.004221
0.002207
0.003125
0.002303
0.002297
0.002690
0.002726
0.002661
0.002555
0.002568
0.002691
0.002654
0.003137
0.002274
0.002819
0.002733
0.002650
0.002943
0.002712
0.002641
0.002331
0.002618
0.002755
0.002675
0.002738
