0.000442
0.001247
0.000915
0.000458
0.000422
0.000922
0.000507
0.000541
0.000568
0.000437
0.000454
0.001139
0.000516
0.000469
0.000447
0.000434
0.000467
0.000904
0.000939
0.000541
0.000479
0.000452
0.000515
0.001236
0.000444
0.000440
0.000496
0.000450
0.000487
0.000455
0.000499
0.000443
0.000921
0.000866
0.000434
0.000445
0.000522
0.000881
0.000481
0.000485
0.000893
0.000481
0.000484
0.000426
0.000460
0.000408
0.001171
0.000456
0.000476
0.000445
0.000865
0.000918
0.000487
0.000512
0.000410
0.000481
0.000490
0.000513
0.000446
0.000893
0.000522
0.000884
0.000926
0.001661
0.000494
0.000404
0.000613
0.001373
0.000509
0.000497
0.000921
0.000884
0.000475
0.000452
0.000431
0.000457
0.000486
0.000497
0.000478
0.000865
0.000504
0.000516
0.000525
0.000463
0.000512
0.000478
0.000483
0.000426
0.001413
0.000440
0.000892
0.000466
0.001505
0.000900
0.000832
0.000559
0.000474
0.000444
0.000456
0.000424
0.000501
0.001241
0.000555
0.000455
0.000497
0.000508
0.000485
0.000414
0.000497
0.000478
0.000886
0.000917
0.000497
0.000900
0.000499
0.000457
0.000461
0.000490
0.000489
0.000498
0.000848
0.000475
0.000488
0.000446
0.000456
0.000477
0.000890
0.000480
0.000470
0.000786
0.000462
0.000440
0.000505
0.000605
0.000951
0.000477
0.000447
0.000510
0.000463
0.000429
0.001270
0.000493
0.000908
0.001664
0.000487
0.000446
0.000707
0.001755
0.000926
0.000471
0.000512
0.000923
0.000440
0.000670
0.000431
0.000529
0.000887
0.000456
0.000447
0.000577
0.000463
0.000484
0.000484
0.000485
0.000468
0.000485
0.000449
0.000447
0.000503
0.000985
0.000480
0.000487
0.000606
0.000471
0.000451
0.000476
0.000961
0.000904
0.000505
0.001259
0.000451
0.001223
0.000448
0.000916
0.000492
0.000479
0.000464
0.000487
0.000715
0.000537
0.000478
0.000455
0.000446
0.000407
0.000477
0.000474
0.000489
0.000453
0.000445
0.001572
0.000480
0.001096
0.000436
0.000471
0.000414
0.001135
0.000484
0.000893
0.000501
0.000466
0.000412
0.000481
0.001087
0.000449
0.000489
0.000472
0.000439
0.000454
0.001262
0.001714
0.000447
0.000521
0.000894
0.000932
0.000863
0.000411
0.000448
0.001529
0.000455
0.000434
0.000718
0.000479
0.000496
0.000468
0.001252
0.001600
0.000464
0.000454
0.000534
0.000417
0.000435
0.000439
0.000412
0.000468
0.000494
0.000486
0.000445
0.001574
0.001183
0.000463
0.000465
0.000926
0.000442
0.000486
0.000546
0.000917
0.000435
0.001345
0.000443
0.000449
0.000892
0.000470
0.000468
0.000849
0.000512
0.000470
0.000432
0.000489
0.000459
0.000531
0.000466
0.000480
0.000516
0.000433
0.000499
0.001015
0.000448
0.000462
0.000636
0.000464
0.000444
0.000918
0.000865
0.000455
0.000864
0.000466
0.000506
0.000397
0.000930
0.000482
0.000443
0.001390
0.000469
0.000452
0.000906
0.000493
0.000483
0.000955
0.000518
0.000416
0.000748
0.000481
0.000450
0.000469
0.000921
0.000468
0.000481
0.000897
0.000519
0.000426
0.000479
0.000850
0.000466
0.000443
0.000465
0.000498
0.000451
0.000468
0.000463
0.000492
0.000433
0.001703
0.000430
0.000671
0.000465
0.000441
0.000524
0.000482
0.000465
0.000487
0.000530
0.000460
0.000472
0.001680
0.000475
0.000930
0.000425
0.000485
0.000517
0.000885
0.000481
0.000474
0.000911
0.000530
0.000460
0.000485
0.000490
0.000462
0.000506
0.000453
0.000440
0.001247
0.000465
0.000479
0.000648
0.000482
0.000488
0.000460
0.000458
0.000461
0.000902
0.000522
0.000481
0.000497
0.000849
0.000914
0.001325
0.000475
0.000475
0.000462
0.000471
0.000438
0.000452
0.000468
0.000592
0.000446
0.000477
0.000492
0.000450
0.000484
0.000459
0.001027
0.000484
0.000422
0.000702
0.000520
0.000505
0.000476
0.000457
0.000492
0.000537
0.001239
0.000455
0.000490
0.000925
0.000881
0.000465
0.000456
0.000481
0.000436
0.000444
0.001254
0.000516
0.000443
0.000900
0.000467
0.000508
0.000459
0.000916
0.000468
0.000476
0.000869
0.000421
0.000909
0.000426
0.000523
0.000896
0.000458
0.000511
0.000458
0.000455
0.000483
0.001008
0.000450
0.000454
0.000915
0.000430
0.000901
0.000490
0.000448
0.000904
0.000910
0.000884
0.000441
0.000496
0.000569
0.000478
0.000454
0.000459
0.000925
0.000937
0.000550
0.000444
0.000442
0.000929
0.000442
0.000459
0.000506
0.000705
0.000488
0.000434
0.000961
0.000473
0.000479
0.000544
0.000458
0.000457
0.000687
0.000450
0.000475
0.000838
0.000437
0.000494
0.000437
0.000429
0.000488
0.000515
0.000447
0.000504
0.000450
0.000429
0.000482
0.000450
0.001785
0.001416
0.000543
0.000489
0.000470
0.000881
0.000920
0.000447
0.001493
0.001377
0.000481
0.001147
0.000622
0.000470
0.000456
0.001525
0.000930
0.000490
0.001158
0.000507
0.000460
0.000489
0.000901
0.000447
0.001509
0.000553
0.000932
0.003240
0.003569
0.002601
0.002464
0.002239
0.003274
0.002660
0.003233
0.002546
0.002668
0.002738
0.002095
0.002681
0.002648
0.002330
0.004174
0.002690
0.002627
0.002573
0.002740
0.003083
0.004052
0.002987
0.003000
0.002656
0.002397
0.002307
0.003734
0.002655
0.002287
0.002940
0.002342
0.003209
0.002696
0.002596
0.002328
0.002716
0.002571
0.002202
0.003397
0.002682
0.003347
0.002847
0.002596
0.002671
0.002440
0.002582
0.003072
0.002724
0.002793
0.002537
0.002597
0.002633
0.002972
0.002143
0.003286
0.002742
0.002693
0.002506
0.002238
0.003343
0.003194
0.002664
0.002681
0.002657
0.002994
0.003403
0.002947
0.003062
0.002645
0.002456
0.002627
0.002898
0.002541
0.002694
0.003189
0.003297
0.002492
0.002261
0.002850
0.002676
0.002710
0.002725
0.003103
0.002700
0.003053
0.002599
0.002450
0.002622
0.002667
0.003870
0.002820
0.002992
0.002640
0.003417
0.002663
0.002807
0.002848
0.003100
0.002998
0.002637
0.002202
0.002226
0.003886
0.003001
0.002604
0.003015
0.002310
0.002502
0.003023
0.002598
0.003192
0.003444
0.003595
0.004328
0.002592
0.002971
0.002581
0.002259
0.003387
0.004124
0.003044
0.002840
0.002937
0.003561
0.002212
0.002787
0.002609
0.002622
0.002562
0.002694
0.002550
0.002667
0.002949
0.002561
0.003405
0.002714
0.003159
0.002726
0.002638
0.003202
0.002650
0.002273
0.002252
0.002612
0.003024
0.003463
0.002668
0.002646
0.002476
0.002646
0.003114
0.003018
0.002670
0.002580
0.003674
0.002690
0.002349
0.002707
0.003604
0.002636
0.002681
0.002935
0.003002
0.003024
0.002174
0.002553
0.002807
0.003273
0.002858
0.003478
0.003473
0.002184
0.003523
0.003257
0.003127
0.002316
0.002964
0.002583
0.002542
0.002707
0.004132
0.003374
0.002705
0.003708
0.002668
0.002669
0.002486
0.002613
0.002996
0.002787
0.002385
0.002399
0.002497
0.003021
0.002471
0.003322
0.002593
0.003298
0.002699
0.002980
0.003446
0.003505
0.002745
0.003579
0.003293
0.002667
0.002542
0.002546
0.002295
0.002834
0.002997
0.002843
0.002689
0.002716
0.002974
0.003391
0.002501
0.003136
0.002772
0.003480
0.002643
0.003580
0.003309
0.002610
0.002576
0.002992
0.003115
0.003293
0.002738
0.002928
0.003487
0.002661
0.002566
0.002994
0.002758
0.003064
0.003479
0.002247
0.002884
0.002954
0.002688
0.002714
0.002520
0.002929
0.002351
0.003815
0.002825
0.002470
0.002709
0.002639
0.002903
0.002258
0.002965
0.002701
0.002957
0.002937
0.002235
0.003433
0.002596
0.002354
0.002573
0.002568
0.002659
0.002463
0.002555
0.002604
0.002245
0.002974
0.003669
0.002833
0.002866
0.002650
0.002777
0.002715
0.002679
0.003797
0.002905
0.002570
0.002796
0.002644
0.002898
0.002980
0.002618
0.002633
0.003525
0.002723
0.002537
0.002987
0.002667
0.002585
0.003346
0.002655
0.002963
0.002679
0.002603
0.002977
0.002978
0.002540
0.002987
0.002669
0.002263
0.003377
0.002176
0.003166
0.002230
0.002574
0.003399
0.002541
0.002688
0.003062
0.002994
0.002546
0.002320
0.002219
0.002253
0.002659
0.002823
0.002931
0.002971
0.002782
0.002258
0.003820
0.002314
0.002612
0.002618
0.002930
0.002178
0.002875
0.002244
0.002895
0.002399
0.002345
0.002273
0.002934
0.004328
0.002437
0.002933
0.003523
0.002613
0.002953
0.002785
0.002491
0.002595
0.002648
0.004299
0.002951
0.003162
0.002743
0.002643
0.002960
0.002676
0.002883
0.002183
0.002646
0.002643
0.003468
0.002647
0.002892
0.002631
0.002653
0.002462
0.002668
0.002709
0.002906
0.003410
0.002661
0.002568
0.002767
0.002568
0.002328
0.002623
0.002582
0.002596
0.002968
0.002708
0.002304
0.003406
0.002710
0.002271
0.002648
0.002560
0.002435
0.003475
0.002406
0.002605
0.003024
0.002719
0.002638
0.002253
0.002271
0.003040
0.003633
0.002861
0.002927
0.002722
0.002677
0.003264
0.002870
0.002697
0.002716
0.003232
0.002704
0.002620
0.002646
0.002530
0.002714
0.002638
0.002728
0.002695
0.002164
0.003028
0.003615
0.002615
0.002337
0.002672
0.002702
0.002590
0.003300
0.002971
0.002122
0.003059
0.002607
0.002638
0.002618
0.002653
0.002602
0.003294
0.002577
0.002686
0.002596
0.003139
0.002658
0.002960
0.003013
0.002718
0.003261
0.002750
0.002551
0.002688
0.003231
0.002598
0.002335
0.002558
0.002574
0.003208
0.002797
0.002602
0.002669
0.002573
0.002620
0.002557
0.002997
0.002673
0.002215
0.002675
0.003240
0.002853
0.002869
0.002638
0.002438
0.002253
0.002933
0.002735
0.003495
0.002564
0.002701
0.003083
0.002785
0.002636
0.002277
0.002610
0.002512
0.002263
0.002562
0.002664
0.002632
0.002709
0.002195
0.002572
0.002250
0.002459
0.003761
0.002484
0.002205
0.002579
0.002770
0.002248
0.002548
0.004077
0.002655
0.002844
0.002428
0.003415
0.002884
0.002672
0.002694
0.003019
0.003678
0.002680
