0.000544
0.000864
0.000847
0.000648
0.000586
0.001661
0.000539
0.000631
0.000819
0.000648
0.000604
0.001012
0.000611
0.000545
0.000598
0.000783
0.000539
0.000570
0.000565
0.001107
0.000550
0.000616
0.000592
0.000562
0.000647
0.001592
0.000564
0.000609
0.000583
0.000560
0.000534
0.000622
0.001364
0.000507
0.000573
0.000567
0.000880
0.000464
0.000701
0.000576
0.000884
0.000570
0.000821
0.000559
0.000639
0.000899
0.000605
0.000698
0.000525
0.000572
0.000535
0.001480
0.000748
0.000567
0.000535
0.000572
0.000566
0.000840
0.000680
0.000598
0.000533
0.000673
0.000835
0.000515
0.000638
0.000543
0.000695
0.001111
0.000715
0.000585
0.000774
0.000745
0.001238
0.000628
0.000545
0.000519
0.000737
0.000565
0.000795
0.000730
0.001067
0.000614
0.001077
0.000690
0.000892
0.000707
0.000724
0.000896
0.001015
0.000745
0.000700
0.001094
0.000627
0.000722
0.000737
0.000599
0.000757
0.000958
0.000659
0.000674
0.000763
0.000556
0.000581
0.000754
0.000726
0.001090
0.000713
0.001704
0.000572
0.000612
0.001032
0.000581
0.000556
0.000757
0.000563
0.000716
0.001812
0.000697
0.000738
0.001442
0.000603
0.000602
0.001661
0.001790
0.000577
0.000727
0.001013
0.000713
0.000728
0.001550
0.000584
0.000808
0.000885
0.001616
0.000767
0.000885
0.000613
0.000745
0.001790
0.000649
0.000767
0.000695
0.000631
0.000710
0.000661
0.001849
0.000626
0.000728
0.001687
0.000587
0.000777
0.001704
0.000562
0.000757
0.001809
0.001100
0.000587
0.000981
0.000568
0.000677
0.000732
0.000627
0.000566
0.000715
0.000571
0.000698
0.000716
0.000963
0.000572
0.000577
0.001053
0.000530
0.000761
0.000754
0.000872
0.000673
0.000776
0.000678
0.000601
0.000597
0.000851
0.000749
0.000701
0.000734
0.000567
0.000553
0.000754
0.000645
0.000750
0.000687
0.000605
0.000555
0.000683
0.001807
0.000751
0.000723
0.000706
0.000614
0.000759
0.000778
0.000757
0.000564
0.000734
0.000620
0.000561
0.000706
0.001320
0.000598
0.000783
0.000552
0.000607
0.000730
0.000930
0.000569
0.000557
0.000746
0.000571
0.000589
0.000711
0.000548
0.000555
0.000591
0.000708
0.000940
0.001077
0.000684
0.001241
0.000719
0.000697
0.000597
0.000965
0.000805
0.000696
0.001223
0.001074
0.000847
0.000639
0.000677
0.001430
0.000589
0.000599
0.000739
0.000556
0.000722
0.000708
0.000619
0.000707
0.000720
0.000718
0.001279
0.001101
0.000629
0.000557
0.000728
0.000533
0.000732
0.000720
0.000643
0.000597
0.001407
0.001005
0.000606
0.000755
0.000580
0.000579
0.000704
0.000689
0.000713
0.000718
0.000790
0.000754
0.000594
0.000719
0.000506
0.000746
0.000974
0.001262
0.000595
0.001063
0.001004
0.000628
0.000761
0.000889
0.000592
0.000710
0.000774
0.000632
0.001091
0.001100
0.000589
0.001580
0.000799
0.000836
0.000738
0.000601
0.001074
0.001011
0.000698
0.000739
0.000548
0.000570
0.000770
0.001095
0.001088
0.000737
0.000524
0.000530
0.000805
0.001386
0.000572
0.000583
0.000722
0.000591
0.000724
0.001078
0.000596
0.000793
0.001270
0.000583
0.000511
0.000689
0.001588
0.000688
0.000642
0.000996
0.000600
0.000682
0.000672
0.000588
0.000700
0.000797
0.000726
0.000619
0.000834
0.000878
0.000560
0.000638
0.000952
0.000601
0.000540
0.000675
0.000536
0.000567
0.000805
0.001341
0.000763
0.000748
0.001838
0.000597
0.000739
0.001043
0.000584
0.000746
0.000770
0.000871
0.000611
0.000756
0.000948
0.000554
0.000716
0.000568
0.000535
0.000569
0.001579
0.000617
0.000568
0.000725
0.000892
0.000657
0.000750
0.002023
0.000557
0.000538
0.000571
0.001453
0.000578
0.000565
0.001044
0.000664
0.000747
0.000825
0.000682
0.000543
0.000858
0.001034
0.000555
0.000767
0.001044
0.001105
0.000724
0.001855
0.000578
0.000766
0.001748
0.000649
0.000670
0.000779
0.000619
0.001990
0.000690
0.000697
0.000729
0.000713
0.000718
0.000717
0.000766
0.000768
0.000598
0.000575
0.000660
0.001576
0.000613
0.000773
0.000674
0.000810
0.001980
0.000687
0.000591
0.000586
0.000722
0.000760
0.000603
0.000595
0.000743
0.000703
0.000761
0.000992
0.000611
0.001068
0.000767
0.000908
0.000676
0.000628
0.000701
0.001813
0.000573
0.000769
0.000733
0.000639
0.000627
0.000901
0.001862
0.000552
0.000784
0.000629
0.001089
0.000705
0.000894
0.001108
0.000600
0.001130
0.000585
0.000679
0.000735
0.000756
0.000603
0.000821
0.001745
0.000635
0.000582
0.000952
0.001062
0.000674
0.000763
0.000563
0.000742
0.000989
0.001258
0.000760
0.000739
0.000749
0.000635
0.000704
0.000589
0.000588
0.001090
0.001099
0.000555
0.000751
0.000806
0.000606
0.000592
0.000744
0.000603
0.000579
0.000718
0.001091
0.000597
0.000672
0.000765
0.000558
0.000720
0.000915
0.000568
0.000707
0.001072
0.000585
0.000581
0.000695
0.001658
0.003115
0.003888
0.002680
0.004056
0.002936
0.003163
0.003417
0.004014
0.004692
0.003059
0.003704
0.003909
0.003323
0.003198
0.002724
0.003696
0.003902
0.003452
0.002653
0.004060
0.003364
0.003278
0.004136
0.003624
0.003927
0.003925
0.003202
0.003264
0.003436
0.003288
0.003813
0.002949
0.003544
0.002663
0.003111
0.004296
0.003203
0.004800
0.003652
0.004029
0.003893
0.003166
0.003238
0.003544
0.003482
0.003091
0.003527
0.004660
0.002660
0.003322
0.004387
0.003345
0.003427
0.003115
0.004690
0.003456
0.003734
0.002983
0.003731
0.004969
0.003311
0.003819
0.003680
0.004119
0.003066
0.003983
0.003568
0.003068
0.003546
0.003578
0.004846
0.003458
0.003722
0.003342
0.003672
0.003182
0.003961
0.002697
0.002952
0.004028
0.003539
0.003991
0.003564
0.003743
0.003799
0.003438
0.003220
0.002756
0.003847
0.003249
0.003159
0.003335
0.003275
0.003240
0.003349
0.003808
0.003338
0.003806
0.003941
0.003237
0.003435
0.003350
0.003957
0.003798
0.003607
0.003702
0.003822
0.003940
0.002741
0.003238
0.003276
0.004475
0.003377
0.004143
0.004436
0.003754
0.003843
0.003526
0.003602
0.003881
0.003737
0.003471
0.003395
0.004241
0.003810
0.003833
0.003742
0.002958
0.002675
0.003712
0.003812
0.002832
0.004122
0.003618
0.003335
0.003748
0.003801
0.003292
0.003015
0.003936
0.003896
0.003295
0.003443
0.004114
0.003754
0.003566
0.004178
0.003267
0.004513
0.003702
0.003655
0.003852
0.003755
0.003270
0.003677
0.004263
0.003075
0.003867
0.003472
0.003907
0.003962
0.003537
0.003676
0.003421
0.003355
0.004275
0.002698
0.004150
0.004013
0.003784
0.002882
0.003160
0.003450
0.004002
0.003271
0.003060
0.003763
0.003193
0.003606
0.003378
0.002903
0.004035
0.003746
0.002839
0.003671
0.003852
0.003304
0.003707
0.003133
0.003653
0.004062
0.003789
0.003393
0.003112
0.003801
0.004302
0.002656
0.002920
0.003916
0.003635
0.003617
0.003357
0.003666
0.003693
0.003674
0.003407
0.003587
0.004111
0.003299
0.004041
0.003962
0.003029
0.003753
0.003162
0.002971
0.003394
0.003483
0.004097
0.003306
0.002917
0.003729
0.003001
0.003659
0.003467
0.003736
0.003904
0.003805
0.003795
0.003206
0.003972
0.003430
0.003918
0.003678
0.003829
0.002667
0.003950
0.003966
0.003577
0.003576
0.003501
0.003952
0.002715
0.003435
0.003139
0.002750
0.003544
0.003651
0.004959
0.003294
0.003460
0.003646
0.004435
0.003312
0.003662
0.003963
0.003332
0.002712
0.003625
0.003384
0.003726
0.004084
0.003423
0.002990
0.003594
0.003262
0.003360
0.003255
0.003124
0.002705
0.002943
0.003462
0.002670
0.003796
0.002751
0.003965
0.003846
0.003534
0.003933
0.003085
0.004167
0.003807
0.003127
0.003244
0.003627
0.002996
0.003038
0.003067
0.003656
0.003278
0.003236
0.003502
0.003417
0.003729
0.002996
0.003244
0.003006
0.003849
0.003348
0.002773
0.003454
0.002831
0.003282
0.003904
0.002880
0.003810
0.003513
0.003830
0.002681
0.003596
0.004174
0.003392
0.003286
0.003577
0.003427
0.003217
0.004467
0.003683
0.004089
0.003676
0.003889
0.004381
0.003264
0.002942
0.003452
0.003887
0.002840
0.004034
0.003402
0.003132
0.003992
0.004416
0.003804
0.004549
0.003855
0.003797
0.003705
0.003733
0.003584
0.002969
0.003307
0.003604
0.003745
0.003245
0.003795
0.002695
0.003921
0.003891
0.004027
0.003999
0.003698
0.003164
0.004336
0.003249
0.003857
0.003295
0.002706
0.003396
0.003634
0.003853
0.003630
0.003528
0.003203
0.003134
0.003966
0.004034
0.003286
0.003086
0.003752
0.003551
0.003703
0.003470
0.003747
0.004044
0.004623
0.004284
0.003686
0.003591
0.003929
0.003648
0.003948
0.003671
0.002736
0.003628
0.003720
0.003268
0.003716
0.003692
0.004413
0.003966
0.003664
0.003359
0.003837
0.002843
0.003424
0.004553
0.002561
0.003607
0.003473
0.003357
0.003803
0.003369
0.003290
0.003880
0.003046
0.002943
0.003768
0.003487
0.003788
0.003654
0.004100
0.004674
0.002699
0.003219
0.004343
0.003190
0.003177
0.003394
0.003052
0.003729
0.002617
0.003423
0.004010
0.002691
0.003095
0.003016
0.003221
0.004240
0.003839
0.003248
0.003229
0.003603
0.003794
0.003971
0.003380
0.003808
0.003720
0.005043
0.003858
0.003868
0.003315
0.002720
0.003834
0.003500
0.003860
0.003536
0.003058
0.003498
0.003560
0.004248
0.003839
0.004357
0.003357
0.002926
0.003539
0.003788
0.003986
0.003365
0.003006
0.003844
0.002865
0.003055
0.003984
0.003410
0.003158
0.004059
0.003744
0.003806
0.003559
0.004217
0.003715
0.003601
0.002757
0.003772
0.002926
0.003208
0.003942
0.002754
0.002972
0.003939
0.003214
0.003191
0.003526
0.003986
0.004707
0.003802
0.003173
0.003096
0.003411
0.003986
0.003795
0.003681
0.003067
0.003350
0.003774
0.003625
0.003248
0.003518
0.003744
0.002909
0.003871
