0.002370
0.000617
0.000430
0.000717
0.000526
0.000709
0.000583
0.000540
0.000663
0.000444
0.000922
0.000588
0.000669
0.001722
0.000591
0.000587
0.000680
0.000909
0.000590
0.000600
0.000923
0.000583
0.000629
0.000657
0.000594
0.000719
0.000672
0.000676
0.000692
0.000577
0.000719
0.000625
0.000634
0.000901
0.000750
0.000662
0.001476
0.000674
0.000725
0.000709
0.000729
0.000700
0.000464
0.000719
0.000663
0.000659
0.001512
0.000581
0.000687
0.000688
0.001853
0.000627
0.000657
0.000679
0.000578
0.000603
0.000876
0.000601
0.000663
0.000678
0.000707
0.000658
0.000486
0.000589
0.000712
0.000719
0.000910
0.000657
0.000823
0.000660
0.000633
0.000757
0.000615
0.000740
0.000594
0.001013
0.000702
0.000641
0.000687
0.001787
0.000584
0.000988
0.000606
0.000676
0.000991
0.000723
0.000613
0.000603
0.000634
0.000757
0.000677
0.000626
0.000653
0.000665
0.000717
0.000649
0.000613
0.000738
0.000824
0.000613
0.000474
0.001002
0.000959
0.000579
0.001366
0.000668
0.000526
0.001137
0.001639
0.000666
0.000789
0.000937
0.000651
0.000735
0.000706
0.000606
0.000706
0.000586
0.000688
0.000674
0.000666
0.000782
0.000695
0.001090
0.000663
0.000603
0.000684
0.000684
0.000584
0.000609
0.000648
0.000600
0.000641
0.000656
0.000640
0.000720
0.000718
0.000680
0.000532
0.000585
0.000730
0.000627
0.000587
0.000715
0.000939
0.000598
0.000670
0.000714
0.000667
0.000687
0.001107
0.000697
0.000590
0.000672
0.000663
0.000712
0.001150
0.001858
0.000494
0.000655
0.001254
0.000572
0.000662
0.000734
0.000611
0.000688
0.000626
0.000630
0.000979
0.000679
0.000523
0.000945
0.000621
0.000685
0.000682
0.000666
0.000904
0.000966
0.000707
0.000614
0.000697
0.000664
0.000674
0.000873
0.000711
0.000660
0.000618
0.000771
0.000699
0.000645
0.001010
0.000669
0.000696
0.001454
0.001020
0.001362
0.001316
0.000613
0.000632
0.000705
0.000649
0.000719
0.001805
0.000801
0.000974
0.001394
0.000723
0.000726
0.000807
0.000619
0.000697
0.000738
0.001008
0.000649
0.000640
0.000728
0.000720
0.000591
0.000711
0.000971
0.000620
0.000744
0.000800
0.000703
0.000596
0.001684
0.000778
0.000961
0.001222
0.000661
0.000714
0.000644
0.000949
0.000624
0.000737
0.000627
0.000530
0.000606
0.000981
0.000623
0.000674
0.000883
0.000811
0.000648
0.000704
0.000959
0.000714
0.000690
0.000693
0.000542
0.000690
0.001030
0.000655
0.000669
0.000754
0.000677
0.000669
0.000568
0.000732
0.000587
0.000682
0.000954
0.000566
0.000660
0.000730
0.000607
0.000637
0.000693
0.000551
0.000691
0.000575
0.000848
0.001405
0.000625
0.001594
0.000931
0.000725
0.000691
0.000667
0.000638
0.000723
0.000614
0.000659
0.000647
0.000835
0.000687
0.000683
0.001856
0.000812
0.000632
0.000779
0.000648
0.000635
0.001321
0.000636
0.000613
0.000537
0.000955
0.000540
0.000667
0.000702
0.000680
0.000684
0.000683
0.000601
0.000727
0.001232
0.000806
0.000701
0.001549
0.000577
0.000609
0.001226
0.000715
0.000720
0.000976
0.000671
0.000624
0.000707
0.000886
0.000725
0.000713
0.000600
0.000593
0.000527
0.000585
0.000704
0.000668
0.000621
0.000705
0.000613
0.000738
0.000621
0.000703
0.000818
0.000713
0.000745
0.000665
0.000741
0.000700
0.001324
0.000486
0.000484
0.000972
0.000653
0.001788
0.000665
0.000761
0.000689
0.001732
0.000614
0.000562
0.001835
0.000549
0.000564
0.000739
0.000639
0.000630
0.000681
0.000624
0.000587
0.000671
0.000680
0.000606
0.000717
0.000796
0.000730
0.000689
0.000514
0.000899
0.000602
0.000699
0.001706
0.000660
0.000634
0.000905
0.000702
0.000550
0.000868
0.000723
0.000567
0.000693
0.000669
0.000618
0.000639
0.000651
0.000723
0.000650
0.000928
0.000623
0.000657
0.000642
0.000703
0.000608
0.000674
0.001263
0.000578
0.000656
0.000764
0.000947
0.000656
0.000652
0.000840
0.000707
0.000580
0.000775
0.000612
0.000709
0.000851
0.000693
0.000685
0.000675
0.000958
0.000652
0.000664
0.000716
0.000567
0.000616
0.000729
0.000678
0.000696
0.001188
0.000623
0.000568
0.000615
0.000861
0.000939
0.000609
0.000817
0.000696
0.000637
0.001413
0.000595
0.000640
0.000789
0.000955
0.000615
0.000703
0.000789
0.000752
0.000650
0.001493
0.000599
0.000723
0.000694
0.002119
0.000492
0.000614
0.000650
0.000673
0.000592
0.000699
0.000580
0.000679
0.000708
0.000697
0.000614
0.000697
0.000556
0.000655
0.000650
0.000973
0.000703
0.000587
0.000702
0.001844
0.000618
0.000676
0.000863
0.000635
0.000709
0.000682
0.000576
0.000699
0.000675
0.000711
0.000642
0.000768
0.000725
0.000642
0.000980
0.000603
0.000599
0.000678
0.000936
0.000634
0.000651
0.001737
0.000710
0.000690
0.000619
0.000920
0.000694
0.000698
0.000556
0.000635
0.000544
0.001323
0.000951
0.000677
0.003733
0.002738
0.002725
0.002658
0.003764
0.002763
0.002826
0.003295
0.003252
0.002709
0.002588
0.002693
0.002877
0.002824
0.002698
0.003372
0.002948
0.002475
0.004055
0.003352
0.002805
0.002802
0.003222
0.002400
0.003168
0.003432
0.002364
0.002599
0.003149
0.004183
0.002822
0.003068
0.002927
0.003363
0.003466
0.003493
0.003174
0.003068
0.003553
0.003502
0.003014
0.002940
0.002900
0.002738
0.003030
0.002748
0.002963
0.002787
0.002445
0.002497
0.003663
0.002837
0.003379
0.003329
0.002723
0.002789
0.002985
0.003680
0.003224
0.002710
0.003025
0.002754
0.002726
0.003121
0.003596
0.003383
0.003689
0.002946
0.002647
0.003284
0.003246
0.002689
0.002589
0.003039
0.002588
0.002898
0.003774
0.002678
0.003090
0.003596
0.002594
0.002803
0.004023
0.002841
0.002830
0.003962
0.003118
0.002815
0.003009
0.002707
0.003280
0.003483
0.002939
0.002677
0.003586
0.004614
0.003839
0.002788
0.003357
0.002752
0.002808
0.003102
0.002963
0.003390
0.002831
0.002996
0.002678
0.002511
0.003348
0.004018
0.003936
0.002535
0.002714
0.003165
0.003090
0.003082
0.002893
0.002972
0.002790
0.003369
0.002623
0.002960
0.003097
0.003141
0.002858
0.003048
0.002710
0.003804
0.003052
0.002866
0.002865
0.003347
0.003825
0.002793
0.004156
0.003406
0.003175
0.002702
0.003483
0.003712
0.003505
0.002785
0.003408
0.002950
0.003289
0.003380
0.002674
0.002968
0.002916
0.003681
0.002815
0.002909
0.004265
0.002896
0.003291
0.003065
0.002831
0.003027
0.002979
0.002748
0.003218
0.003342
0.003281
0.002881
0.003012
0.003655
0.002896
0.003049
0.004264
0.003586
0.003173
0.004476
0.002745
0.002647
0.002980
0.002436
0.003429
0.003007
0.002820
0.002826
0.002636
0.003621
0.002774
0.002916
0.002677
0.002785
0.003518
0.004015
0.002565
0.002608
0.003707
0.003993
0.002984
0.003371
0.002886
0.003059
0.003114
0.004041
0.002522
0.002909
0.003854
0.002690
0.003465
0.002838
0.002993
0.002911
0.003091
0.003066
0.002652
0.003656
0.002919
0.003607
0.002972
0.002894
0.003370
0.004378
0.002887
0.003322
0.003266
0.002951
0.003460
0.003564
0.002791
0.003111
0.004676
0.003371
0.003594
0.002899
0.003245
0.002793
0.003005
0.002807
0.003963
0.003313
0.002512
0.003401
0.003045
0.004304
0.003873
0.003037
0.003017
0.003402
0.003126
0.003507
0.003012
0.003335
0.004472
0.002885
0.003399
0.002768
0.003133
0.003060
0.002740
0.003516
0.002791
0.002598
0.002477
0.002677
0.003393
0.003720
0.002826
0.002961
0.002741
0.002868
0.003464
0.003356
0.003467
0.003328
0.002982
0.003467
0.002808
0.003100
0.004236
0.002713
0.003032
0.003121
0.002935
0.002983
0.003198
0.002795
0.002764
0.003184
0.003061
0.002666
0.003028
0.002795
0.003897
0.002793
0.002859
0.003375
0.002835
0.002839
0.003207
0.002937
0.003253
0.003833
0.002848
0.003219
0.003979
0.002822
0.003702
0.002964
0.003311
0.002990
0.003155
0.002922
0.002853
0.003527
0.002882
0.003092
0.003415
0.002804
0.003078
0.003238
0.002743
0.003000
0.002725
0.002868
0.002860
0.003750
0.004711
0.002850
0.002922
0.002662
0.003385
0.002816
0.002492
0.002850
0.002903
0.003439
0.003642
0.003447
0.002744
0.003697
0.003639
0.002698
0.002881
0.003764
0.002681
0.003429
0.002897
0.003128
0.003265
0.003357
0.002808
0.003783
0.002904
0.003071
0.003852
0.002881
0.003654
0.003412
0.002815
0.003229
0.003361
0.004481
0.002823
0.002723
0.002999
0.003059
0.003132
0.004634
0.003795
0.004303
0.003082
0.002880
0.002864
0.003294
0.002631
0.002619
0.003303
0.003095
0.003644
0.003314
0.003457
0.003699
0.002684
0.002834
0.003268
0.003721
0.002758
0.002753
0.003368
0.003381
0.002682
0.002820
0.003293
0.002716
0.003113
0.003003
0.003071
0.003649
0.003515
0.002758
0.003128
0.003146
0.003333
0.002855
0.002801
0.003276
0.003704
0.002663
0.003610
0.003044
0.002674
0.003325
0.002563
0.002729
0.003314
0.002732
0.002703
0.003478
0.002922
0.003387
0.002794
0.003512
0.002707
0.003083
0.004655
0.002722
0.003476
0.003499
0.002765
0.002763
0.003050
0.003327
0.002817
0.003674
0.003592
0.002820
0.002690
0.003471
0.003139
0.003062
0.004528
0.003150
0.003196
0.002683
0.003236
0.002719
0.002707
0.003151
0.002520
0.002924
0.002725
0.003625
0.003276
0.002756
0.003480
0.004603
0.003033
0.003112
0.002942
0.003209
0.003782
0.003238
0.002927
0.002849
0.002542
0.003436
0.003459
0.003354
0.002625
0.002701
0.003432
0.002796
0.003418
0.002947
0.003715
0.003194
0.003350
0.003289
0.004190
0.003286
0.002630
0.003164
0.003022
0.004089
0.002659
0.003578
0.002935
0.002685
0.002693
0.002607
0.003654
0.003277
0.002866
0.003641
0.003201
0.002528
0.002749
0.003311
0.003301
0.003213
0.002759
0.004313
0.003160
0.003807
0.002913
0.003107
