0.000536
0.000771
0.000740
0.000745
0.000680
0.000682
0.000648
0.000571
0.000684
0.000606
0.000607
0.000666
0.000722
0.000593
0.001516
0.000675
0.000733
0.000563
0.000589
0.000749
0.000631
0.001104
0.000584
0.000625
0.000701
0.000711
0.000688
0.000617
0.000958
0.000687
0.000728
0.000664
0.000707
0.000616
0.000906
0.000763
0.000701
0.000568
0.000671
0.000702
0.000710
0.000700
0.000631
0.000695
0.000713
0.000626
0.000519
0.000668
0.000911
0.000637
0.000568
0.000823
0.000718
0.000690
0.000761
0.000650
0.000636
0.000791
0.000652
0.000678
0.000684
0.000893
0.000706
0.000574
0.000613
0.000662
0.000641
0.001852
0.000731
0.000666
0.000524
0.000593
0.000634
0.000731
0.000645
0.000637
0.000694
0.000658
0.000783
0.000589
0.000813
0.000656
0.000542
0.000676
0.000731
0.000629
0.000514
0.000560
0.000648
0.000630
0.001452
0.000826
0.000635
0.000737
0.000589
0.000673
0.000505
0.000632
0.000676
0.000521
0.000637
0.000724
0.000594
0.000719
0.000654
0.000616
0.000542
0.000676
0.000646
0.000721
0.000544
0.000627
0.000696
0.000604
0.000595
0.000761
0.000684
0.000702
0.000514
0.000937
0.000566
0.000611
0.000757
0.000638
0.000569
0.000959
0.000616
0.000653
0.000607
0.000684
0.000672
0.000698
0.000736
0.000908
0.000540
0.001463
0.000643
0.000498
0.000606
0.000663
0.000931
0.000921
0.000639
0.000529
0.000712
0.000643
0.000752
0.000984
0.000697
0.000659
0.000527
0.000605
0.000670
0.000713
0.000688
0.000651
0.000641
0.001993
0.000688
0.000659
0.000703
0.000687
0.000608
0.000780
0.000763
0.000638
0.000624
0.000685
0.000660
0.000772
0.000793
0.000759
0.000641
0.000777
0.000653
0.000711
0.000769
0.002003
0.000660
0.000571
0.000641
0.000618
0.000645
0.000496
0.001606
0.000588
0.000730
0.000609
0.000584
0.000691
0.001460
0.000623
0.000601
0.000728
0.000684
0.000730
0.000649
0.000755
0.000738
0.000620
0.001858
0.000604
0.000704
0.001900
0.000691
0.000736
0.000594
0.000709
0.000772
0.000659
0.000748
0.000725
0.000692
0.001040
0.000719
0.000640
0.000634
0.000619
0.000581
0.000522
0.000670
0.000708
0.000675
0.001496
0.000726
0.000665
0.000756
0.000609
0.000748
0.000913
0.000735
0.000588
0.000950
0.000583
0.000686
0.000483
0.001553
0.000585
0.000695
0.000917
0.000624
0.000955
0.000636
0.000722
0.000639
0.000718
0.000630
0.000663
0.000668
0.000958
0.000652
0.000559
0.000930
0.000727
0.000694
0.000635
0.000612
0.000693
0.000761
0.000688
0.000669
0.000763
0.000700
0.000663
0.000640
0.000627
0.000713
0.000551
0.001526
0.000563
0.000641
0.000938
0.000673
0.000654
0.000555
0.001384
0.000655
0.000869
0.000673
0.000616
0.000929
0.000697
0.000655
0.000673
0.000653
0.000619
0.000764
0.000888
0.000622
0.000813
0.000643
0.000691
0.000517
0.001528
0.000609
0.000623
0.000855
0.000764
0.000634
0.000672
0.000739
0.000632
0.000869
0.000656
0.000622
0.000836
0.000944
0.000659
0.000722
0.000605
0.000661
0.000570
0.000732
0.000612
0.000733
0.000925
0.000599
0.000626
0.000621
0.000610
0.000619
0.000591
0.000720
0.000651
0.000594
0.000705
0.000577
0.000676
0.000623
0.001881
0.000715
0.000713
0.001757
0.000644
0.000719
0.000764
0.001750
0.000577
0.000565
0.000721
0.000631
0.001061
0.000638
0.000653
0.000713
0.000700
0.000726
0.000688
0.001526
0.000616
0.000754
0.000738
0.000683
0.000615
0.000617
0.000763
0.000639
0.000494
0.000700
0.000929
0.000738
0.000723
0.000660
0.000695
0.000670
0.001810
0.000704
0.000734
0.000915
0.000601
0.000721
0.000580
0.000618
0.000675
0.000517
0.000571
0.000679
0.000555
0.000735
0.000568
0.000659
0.000957
0.000680
0.000563
0.001186
0.000713
0.000636
0.000700
0.000942
0.000655
0.000943
0.000682
0.000569
0.000520
0.001249
0.000671
0.000672
0.001321
0.000719
0.000589
0.000619
0.000657
0.000598
0.000645
0.000931
0.000716
0.000752
0.000857
0.000738
0.000620
0.000776
0.000730
0.000646
0.000722
0.000818
0.000698
0.000714
0.001018
0.000743
0.000804
0.000620
0.001079
0.000964
0.000646
0.000570
0.000749
0.000607
0.000694
0.000831
0.000717
0.000775
0.000825
0.000779
0.000760
0.000672
0.000743
0.000683
0.000636
0.001024
0.000711
0.000734
0.000699
0.000721
0.000622
0.000723
0.000525
0.000754
0.000662
0.001586
0.000594
0.000535
0.001313
0.000634
0.000637
0.000706
0.000740
0.000775
0.000717
0.000710
0.000726
0.000710
0.000736
0.000690
0.000626
0.000655
0.000878
0.000633
0.000642
0.001074
0.002002
0.000599
0.000665
0.000784
0.000708
0.000636
0.000637
0.000942
0.000699
0.000681
0.002046
0.000594
0.000648
0.000806
0.000727
0.000687
0.001731
0.000627
0.001083
0.000758
0.000729
0.000688
0.000724
0.000840
0.000629
0.000669
0.001081
0.000600
0.000617
0.001496
0.000697
0.003579
0.002788
0.003405
0.003540
0.003901
0.002819
0.003424
0.002689
0.002789
0.002761
0.003365
0.003344
0.003086
0.003468
0.003384
0.002806
0.003067
0.003770
0.002717
0.002748
0.003557
0.002843
0.003377
0.003234
0.002794
0.002808
0.002691
0.003145
0.002741
0.002749
0.002504
0.002848
0.003124
0.003617
0.002922
0.003422
0.003248
0.002841
0.002518
0.002822
0.003190
0.002659
0.003521
0.002757
0.003387
0.002759
0.004442
0.002554
0.002778
0.003136
0.002690
0.002604
0.003091
0.002897
0.003742
0.003296
0.002738
0.002752
0.003416
0.003426
0.002627
0.003329
0.002691
0.002754
0.003148
0.002446
0.003379
0.002254
0.003491
0.003392
0.002802
0.002800
0.003737
0.002520
0.002858
0.002920
0.002943
0.002740
0.002582
0.002692
0.002878
0.004191
0.002937
0.003083
0.002747
0.002752
0.002744
0.003403
0.003379
0.003372
0.002938
0.003519
0.002680
0.002779
0.002802
0.003427
0.002804
0.003735
0.003616
0.002779
0.002933
0.003381
0.002727
0.002814
0.003295
0.002820
0.002631
0.003460
0.002693
0.002967
0.002897
0.003100
0.002669
0.002498
0.002723
0.002806
0.002830
0.003097
0.003752
0.002850
0.002746
0.003872
0.002871
0.002701
0.002976
0.002849
0.002796
0.002936
0.002478
0.002618
0.003088
0.003125
0.003898
0.003212
0.002794
0.002616
0.003447
0.003188
0.002757
0.003574
0.003095
0.003030
0.003515
0.002967
0.002755
0.002847
0.002578
0.002819
0.002610
0.002969
0.003488
0.003445
0.002815
0.003053
0.002785
0.003364
0.002626
0.003100
0.002929
0.003495
0.003019
0.003206
0.003487
0.003126
0.003399
0.003885
0.002876
0.003552
0.003659
0.002652
0.002666
0.003471
0.003001
0.002810
0.003003
0.003096
0.003130
0.003428
0.002574
0.002819
0.002765
0.002392
0.002810
0.002524
0.003701
0.002864
0.002936
0.002968
0.002966
0.002866
0.002518
0.002965
0.002755
0.002772
0.002805
0.002837
0.002881
0.002685
0.002501
0.002889
0.002768
0.003484
0.002817
0.002820
0.004067
0.002749
0.002659
0.002726
0.002982
0.003366
0.002770
0.003312
0.002688
0.003476
0.002435
0.002774
0.003890
0.003799
0.002990
0.002992
0.002989
0.002820
0.002720
0.003925
0.002941
0.003330
0.003006
0.002746
0.002512
0.002820
0.002771
0.002697
0.002758
0.002818
0.002780
0.003538
0.003492
0.002853
0.002753
0.003074
0.002339
0.002835
0.003848
0.002800
0.002787
0.002874
0.002900
0.002916
0.002912
0.002728
0.003016
0.002755
0.002760
0.002817
0.002876
0.003948
0.002944
0.002734
0.002813
0.002791
0.002694
0.002759
0.003104
0.002809
0.003025
0.002753
0.002773
0.002846
0.002917
0.002733
0.002699
0.003455
0.002793
0.003449
0.002863
0.002804
0.002600
0.003602
0.003472
0.003485
0.003515
0.002936
0.002791
0.003010
0.002699
0.002727
0.003338
0.002701
0.002625
0.003424
0.003421
0.002733
0.002649
0.002850
0.003326
0.003324
0.002462
0.003343
0.002762
0.002897
0.002652
0.002890
0.004029
0.002671
0.002745
0.002933
0.002812
0.002740
0.003086
0.003458
0.003433
0.002790
0.003627
0.002838
0.002797
0.003443
0.002780
0.002700
0.002635
0.003320
0.002942
0.003592
0.002756
0.002818
0.002728
0.002994
0.002913
0.003092
0.002929
0.003283
0.004594
0.002432
0.002738
0.003044
0.002837
0.002571
0.003165
0.002799
0.003930
0.002917
0.002842
0.002816
0.002718
0.003247
0.003534
0.002597
0.002875
0.003210
0.002707
0.004102
0.002725
0.002908
0.002873
0.003469
0.002595
0.004005
0.003340
0.002766
0.003414
0.002855
0.002888
0.003666
0.003460
0.002849
0.002795
0.002791
0.003498
0.002726
0.003345
0.002900
0.002727
0.002717
0.002701
0.002894
0.003426
0.002877
0.003076
0.002997
0.002789
0.002752
0.003373
0.002795
0.002858
0.003968
0.002945
0.003457
0.002517
0.002907
0.002976
0.003487
0.003004
0.002835
0.002913
0.002541
0.002750
0.003234
0.003582
0.003421
0.003039
0.003108
0.002644
0.002938
0.002951
0.003445
0.002943
0.002632
0.003876
0.002850
0.002861
0.003019
0.003272
0.003936
0.002792
0.002973
0.002742
0.003253
0.002813
0.002802
0.002762
0.002730
0.003029
0.003006
0.003215
0.003692
0.002777
0.003530
0.003605
0.002563
0.003309
0.002950
0.003011
0.002858
0.003368
0.003368
0.003360
0.003332
0.003425
0.002849
0.002650
0.003377
0.002802
0.002765
0.002814
0.002734
0.002828
0.002500
0.003554
0.002809
0.003389
0.002769
0.002858
0.002729
0.002796
0.003210
0.003379
0.002385
0.002976
0.002747
0.002879
0.003015
0.003014
0.003596
0.002967
0.002560
0.002849
0.002613
0.002729
0.002859
0.002791
0.003354
0.002705
0.003533
0.003458
0.003330
0.002806
0.003375
0.003496
0.002791
0.003086
0.002914
0.003372
0.003726
0.003090
0.003375
0.003450
0.002760
0.002783
0.003393
0.003408
0.003506
0.002875
0.002934
0.002942
0.003428
0.002457
0.002644
0.003205
0.002903
0.002781
0.004334
