0.000663
0.000862
0.000854
0.000639
0.001010
0.000740
0.000701
0.002006
0.000624
0.000711
0.001459
0.000791
0.000652
0.001027
0.000719
0.000809
0.000864
0.000779
0.000848
0.000744
0.000648
0.000801
0.000731
0.000984
0.000604
0.000724
0.001016
0.000736
0.000740
0.000711
0.000842
0.000807
0.000663
0.001658
0.000752
0.000731
0.001300
0.000833
0.000905
0.000623
0.000704
0.000772
0.001196
0.000922
0.000622
0.000706
0.000901
0.000701
0.000734
0.000808
0.000732
0.000839
0.000791
0.000638
0.000717
0.000719
0.000905
0.000822
0.000769
0.000758
0.000828
0.000527
0.002063
0.000785
0.000801
0.000831
0.000783
0.000756
0.000988
0.000684
0.000829
0.000883
0.000764
0.000681
0.000966
0.000754
0.000881
0.000793
0.000633
0.000865
0.000783
0.000757
0.000761
0.000755
0.000885
0.000859
0.000703
0.000958
0.000666
0.000759
0.000694
0.000807
0.000833
0.000822
0.000811
0.000654
0.001020
0.000662
0.000866
0.001285
0.000886
0.000732
0.000689
0.000993
0.000741
0.000810
0.000744
0.000744
0.000688
0.000706
0.000777
0.000891
0.000734
0.001885
0.000768
0.000626
0.000798
0.000866
0.000847
0.001147
0.000827
0.000721
0.000708
0.000855
0.001023
0.000789
0.000743
0.000846
0.000976
0.001349
0.000621
0.000693
0.000816
0.001116
0.000650
0.000712
0.000604
0.000821
0.000757
0.000782
0.000841
0.000705
0.000751
0.000849
0.000775
0.000977
0.000738
0.000645
0.001669
0.000765
0.000877
0.000983
0.000777
0.000593
0.000927
0.000959
0.000803
0.000864
0.001565
0.000660
0.000852
0.000799
0.000670
0.000897
0.000720
0.000747
0.000955
0.000664
0.000955
0.000672
0.000934
0.000974
0.000740
0.000713
0.001534
0.000700
0.000774
0.000715
0.001752
0.000705
0.000837
0.000745
0.000579
0.000723
0.001037
0.000739
0.000550
0.000968
0.000705
0.000673
0.000733
0.000578
0.000571
0.000779
0.000728
0.000956
0.000516
0.000522
0.000761
0.000846
0.000778
0.002074
0.000555
0.000697
0.000982
0.000661
0.000812
0.000753
0.000731
0.000818
0.000650
0.000915
0.000701
0.000793
0.000835
0.000559
0.000886
0.000741
0.000631
0.000632
0.000850
0.000901
0.000714
0.000794
0.000998
0.001793
0.000999
0.000807
0.000811
0.000824
0.000743
0.000640
0.000846
0.000704
0.000801
0.000938
0.000801
0.000751
0.000840
0.000781
0.000617
0.000739
0.000725
0.001929
0.000652
0.000730
0.000573
0.000823
0.000736
0.000764
0.000920
0.000754
0.000922
0.001181
0.000753
0.000889
0.000693
0.000778
0.000594
0.000716
0.001003
0.000656
0.000689
0.000738
0.000857
0.000801
0.001656
0.000627
0.000805
0.000900
0.000866
0.000644
0.000779
0.000769
0.000829
0.000810
0.000716
0.000611
0.000839
0.000730
0.001583
0.000797
0.000738
0.001402
0.000982
0.000775
0.000701
0.000770
0.000699
0.000869
0.000968
0.000634
0.000804
0.000755
0.000590
0.000882
0.000690
0.001593
0.000592
0.000858
0.000920
0.000728
0.000725
0.001548
0.000642
0.000878
0.000734
0.000749
0.000597
0.000551
0.001638
0.000619
0.000557
0.000854
0.000700
0.000984
0.001302
0.000756
0.000845
0.000878
0.000849
0.000654
0.000650
0.000583
0.000753
0.000712
0.000810
0.000743
0.000635
0.001487
0.000628
0.000918
0.000651
0.000980
0.000752
0.000777
0.000849
0.001005
0.000663
0.000825
0.000824
0.000759
0.000756
0.000644
0.000884
0.000896
0.000728
0.000865
0.000733
0.001451
0.000814
0.000625
0.000812
0.000747
0.000623
0.000687
0.000936
0.000741
0.000691
0.001704
0.000625
0.000807
0.001615
0.000961
0.000786
0.000755
0.000649
0.000822
0.000747
0.000742
0.000786
0.000715
0.000749
0.000750
0.000736
0.001040
0.000615
0.000676
0.001902
0.000547
0.000831
0.000795
0.000650
0.000860
0.000736
0.000584
0.000783
0.000756
0.000929
0.000655
0.000945
0.001099
0.000591
0.000883
0.000718
0.000833
0.000738
0.000680
0.000865
0.000759
0.001254
0.000735
0.000724
0.000819
0.001005
0.000829
0.001927
0.000618
0.000769
0.000780
0.000799
0.000579
0.000762
0.001694
0.000874
0.000897
0.000951
0.000665
0.000613
0.000748
0.001010
0.001089
0.000659
0.000886
0.000825
0.000746
0.000752
0.000760
0.000761
0.000723
0.000784
0.000921
0.001377
0.001799
0.000548
0.000656
0.001347
0.000602
0.000922
0.000739
0.000785
0.000808
0.000755
0.000606
0.000689
0.000814
0.000978
0.000742
0.000791
0.000907
0.000742
0.000786
0.000730
0.000797
0.000682
0.000763
0.000622
0.000737
0.001695
0.000645
0.000644
0.001092
0.000627
0.000859
0.000777
0.000965
0.000766
0.000607
0.000964
0.000866
0.000722
0.000740
0.000874
0.000540
0.000715
0.001380
0.000733
0.000875
0.000769
0.001045
0.000873
0.000772
0.000633
0.000810
0.000810
0.000626
0.000613
0.000982
0.001007
0.000815
0.000885
0.000700
0.000765
0.000644
0.000527
0.000666
0.000754
0.000710
0.000724
0.000559
0.003237
0.004026
0.003899
0.003715
0.004404
0.003458
0.002930
0.003202
0.003487
0.004101
0.003593
0.004752
0.003434
0.003607
0.003962
0.002966
0.003625
0.004659
0.003833
0.003853
0.003221
0.003754
0.003669
0.003139
0.003952
0.005056
0.003395
0.005029
0.004936
0.002836
0.003544
0.003447
0.004297
0.003772
0.003132
0.003782
0.002993
0.003581
0.004481
0.003800
0.003718
0.003220
0.003761
0.003920
0.003381
0.003500
0.003773
0.004395
0.003313
0.003991
0.003960
0.004132
0.003574
0.003416
0.003648
0.003059
0.002949
0.003931
0.003119
0.003429
0.003822
0.004619
0.004239
0.003813
0.003373
0.003456
0.004022
0.003823
0.003698
0.003088
0.003683
0.003176
0.003814
0.003831
0.004014
0.003411
0.004000
0.003396
0.004251
0.003632
0.004661
0.003829
0.003807
0.003440
0.003963
0.003404
0.003022
0.003833
0.002689
0.003690
0.003733
0.003649
0.003686
0.004348
0.003836
0.002647
0.002924
0.003603
0.003063
0.004909
0.003598
0.003659
0.004139
0.003052
0.003679
0.003203
0.004473
0.003231
0.002966
0.003877
0.004444
0.004035
0.003136
0.003795
0.003248
0.003802
0.004001
0.004749
0.003765
0.003365
0.004598
0.004028
0.003175
0.004631
0.003852
0.003553
0.004465
0.003468
0.003268
0.003801
0.003925
0.003669
0.003760
0.003047
0.003786
0.003765
0.003339
0.003604
0.003033
0.004463
0.003488
0.002754
0.003157
0.003687
0.003383
0.003224
0.003404
0.003038
0.004445
0.003006
0.003296
0.003767
0.004167
0.003916
0.004545
0.004922
0.003539
0.004695
0.003736
0.003875
0.002889
0.003637
0.003089
0.003894
0.004543
0.003511
0.003784
0.003825
0.004276
0.003638
0.003646
0.003087
0.003485
0.002937
0.002953
0.002738
0.003116
0.003477
0.003178
0.004671
0.003865
0.003978
0.004727
0.004499
0.004705
0.003716
0.003379
0.003393
0.003995
0.003821
0.003262
0.003395
0.003944
0.003556
0.003220
0.003563
0.003881
0.003166
0.003288
0.004060
0.003317
0.004109
0.004076
0.003673
0.003889
0.002901
0.002981
0.003013
0.004160
0.003423
0.004731
0.003395
0.004335
0.004051
0.004731
0.005974
0.003739
0.004759
0.002658
0.003554
0.003834
0.003151
0.004319
0.003560
0.002888
0.003736
0.003939
0.003474
0.003663
0.003573
0.003774
0.003395
0.003637
0.003178
0.004387
0.003596
0.004031
0.002996
0.003890
0.004061
0.003837
0.003265
0.003258
0.003459
0.003218
0.003427
0.003716
0.003888
0.003773
0.003303
0.003920
0.004338
0.003283
0.003537
0.002819
0.003760
0.005414
0.003533
0.004272
0.004072
0.002980
0.003632
0.003817
0.003935
0.003720
0.004220
0.003805
0.003885
0.003246
0.003823
0.003996
0.002847
0.003322
0.003160
0.004361
0.003627
0.003546
0.003729
0.004102
0.004017
0.003040
0.005101
0.002966
0.003032
0.003906
0.003829
0.003356
0.003581
0.002996
0.003258
0.004330
0.004368
0.003514
0.003110
0.002964
0.003637
0.003836
0.003440
0.003556
0.003050
0.003905
0.004082
0.002903
0.003894
0.004724
0.003017
0.004461
0.003645
0.003545
0.003116
0.004075
0.003444
0.003133
0.003897
0.003650
0.002955
0.004120
0.003533
0.003785
0.003844
0.003855
0.003254
0.003161
0.003748
0.002992
0.003301
0.003861
0.003706
0.004282
0.003686
0.002743
0.003781
0.003895
0.003207
0.003774
0.003361
0.003825
0.004886
0.003391
0.004323
0.003822
0.003389
0.003577
0.003885
0.003840
0.003897
0.003314
0.004404
0.003148
0.003433
0.004760
0.004458
0.003193
0.004052
0.004093
0.004285
0.004282
0.003947
0.003358
0.003680
0.003015
0.003716
0.003563
0.003666
0.004074
0.003539
0.003434
0.003888
0.004278
0.003691
0.004883
0.004095
0.003418
0.002945
0.003851
0.003295
0.003161
0.003290
0.004004
0.003509
0.003416
0.003709
0.002704
0.004329
0.003888
0.002993
0.003817
0.003358
0.003657
0.003887
0.004364
0.004298
0.003664
0.004216
0.004031
0.003877
0.003498
0.003787
0.003770
0.004244
0.003993
0.003811
0.003114
0.004807
0.003080
0.004200
0.003087
0.003500
0.003371
0.003455
0.004426
0.004408
0.003137
0.003708
0.003447
0.003660
0.004626
0.004222
0.003747
0.003788
0.003997
0.002973
0.003176
0.004266
0.004709
0.003517
0.003047
0.003010
0.003151
0.003927
0.002799
0.003431
0.003745
0.003962
0.003352
0.004711
0.003493
0.002918
0.004342
0.004277
0.004041
0.003918
0.004093
0.003501
0.003854
0.003550
0.003914
0.003143
0.003582
0.003923
0.003843
0.003786
0.004166
0.002727
0.003078
0.003772
0.002978
0.003621
0.003720
0.003766
0.004208
0.003703
0.004361
0.003893
0.003995
0.003803
0.003416
0.005014
0.003115
0.004716
0.003426
0.003586
0.003444
0.003777
0.003056
0.003086
0.003625
0.002985
0.003601
0.003644
0.003827
0.003676
0.003438
0.003814
0.003529
0.003785
0.003381
0.003707
0.005050
0.003141
0.004615
0.003913
0.003875
0.003193
0.003414
0.003687
0.004086
0.003581
0.004114
0.003723
