0.000717
0.000529
0.000975
0.000490
0.000529
0.000540
0.001423
0.001021
0.000518
0.000768
0.000521
0.000484
0.000669
0.000590
0.000816
0.000513
0.001771
0.000502
0.000524
0.000771
0.000524
0.000484
0.000508
0.000532
0.000522
0.000686
0.000479
0.000774
0.000542
0.001666
0.000668
0.000541
0.000693
0.000508
0.000511
0.000580
0.001521
0.000481
0.000533
0.000714
0.000736
0.000535
0.000538
0.000737
0.000444
0.000463
0.000686
0.001642
0.001536
0.000529
0.000793
0.000530
0.000496
0.000667
0.000497
0.000526
0.000682
0.000527
0.000521
0.000642
0.001640
0.001029
0.000520
0.000609
0.001611
0.000780
0.000531
0.000940
0.000569
0.001025
0.000674
0.000500
0.000486
0.000532
0.000868
0.000507
0.000537
0.001481
0.000555
0.000581
0.000701
0.000527
0.000571
0.000551
0.000555
0.000650
0.000588
0.000522
0.000464
0.000532
0.000867
0.000605
0.000517
0.000529
0.001633
0.000515
0.000697
0.000513
0.000569
0.001469
0.000502
0.000488
0.000594
0.000588
0.000530
0.000617
0.000536
0.000531
0.000542
0.000559
0.000567
0.000434
0.000568
0.000463
0.000511
0.000540
0.001135
0.000519
0.000578
0.001748
0.000648
0.000709
0.000794
0.000560
0.000513
0.000746
0.000492
0.000534
0.000613
0.000880
0.000583
0.000581
0.000517
0.000552
0.000691
0.001644
0.000483
0.000529
0.000871
0.000537
0.000593
0.000781
0.000546
0.000757
0.001019
0.000619
0.000637
0.000571
0.000528
0.000537
0.000957
0.000487
0.000536
0.000771
0.000707
0.000581
0.001643
0.000490
0.000558
0.000722
0.000574
0.000452
0.000524
0.000525
0.000484
0.000550
0.001334
0.000487
0.001030
0.000841
0.000797
0.001024
0.000903
0.000535
0.000538
0.000579
0.000524
0.000515
0.000519
0.001694
0.000607
0.000589
0.000814
0.000906
0.000483
0.000721
0.001111
0.000513
0.000760
0.000805
0.000499
0.000536
0.000469
0.000545
0.000541
0.000885
0.000940
0.000565
0.000578
0.000763
0.000520
0.000539
0.000633
0.001225
0.000469
0.000485
0.000727
0.000562
0.000448
0.001460
0.000494
0.000528
0.000525
0.000513
0.000526
0.000494
0.000756
0.000593
0.000564
0.000660
0.000527
0.000510
0.000707
0.000554
0.000590
0.000522
0.000520
0.000489
0.001534
0.000539
0.000529
0.000674
0.000514
0.000520
0.000756
0.000524
0.000528
0.001346
0.000523
0.000524
0.000581
0.001615
0.000789
0.000538
0.000456
0.000517
0.000473
0.000612
0.000468
0.000466
0.000536
0.001558
0.000708
0.001190
0.001565
0.000543
0.000543
0.000890
0.000790
0.000536
0.000795
0.000557
0.000537
0.000532
0.000675
0.000507
0.000536
0.000558
0.000523
0.000582
0.000519
0.000501
0.000591
0.001193
0.000992
0.001768
0.000776
0.000772
0.000522
0.001170
0.000499
0.000783
0.000737
0.000537
0.000544
0.000509
0.000472
0.000605
0.000540
0.001758
0.000538
0.000508
0.000673
0.000459
0.000536
0.000562
0.002535
0.000558
0.000575
0.000721
0.000511
0.000682
0.000505
0.000614
0.000540
0.000781
0.000530
0.000576
0.000858
0.000564
0.001575
0.000569
0.000525
0.000659
0.000542
0.000563
0.000810
0.000537
0.000477
0.000538
0.000559
0.000517
0.000495
0.001586
0.000513
0.000514
0.001423
0.000794
0.000530
0.000543
0.000472
0.000804
0.000477
0.000782
0.000551
0.000508
0.000588
0.000542
0.000532
0.000558
0.001770
0.000559
0.000530
0.000545
0.000549
0.000574
0.000550
0.000502
0.000784
0.000784
0.000522
0.000438
0.000651
0.000534
0.000623
0.000545
0.000506
0.000482
0.000832
0.000787
0.000487
0.000512
0.000534
0.000537
0.000521
0.000525
0.000521
0.000483
0.000701
0.000532
0.000539
0.000509
0.000834
0.000512
0.000790
0.000579
0.000530
0.000509
0.000545
0.000638
0.000450
0.000483
0.001368
0.000488
0.000505
0.000632
0.000499
0.000504
0.000521
0.001570
0.000510
0.000530
0.000827
0.000783
0.000570
0.001532
0.000551
0.000547
0.000744
0.000538
0.000495
0.000544
0.000514
0.001466
0.000512
0.000542
0.000536
0.000762
0.000761
0.000696
0.000580
0.000652
0.000552
0.000479
0.000775
0.000458
0.000781
0.000512
0.000506
0.000513
0.000547
0.000544
0.000556
0.000472
0.000931
0.000618
0.000742
0.000630
0.000516
0.001372
0.000529
0.000552
0.000578
0.000782
0.000527
0.000518
0.000696
0.000474
0.000766
0.001425
0.000442
0.000539
0.000555
0.000511
0.000527
0.000540
0.000494
0.000777
0.000558
0.000762
0.000516
0.000444
0.000482
0.000585
0.000473
0.000738
0.000521
0.000544
0.000788
0.000482
0.000497
0.000553
0.001543
0.000513
0.000576
0.001423
0.000748
0.000535
0.000520
0.000550
0.000506
0.000597
0.001555
0.000621
0.000691
0.000580
0.000775
0.000816
0.000549
0.001341
0.000525
0.000530
0.001219
0.000782
0.000509
0.000499
0.000824
0.000517
0.000771
0.000984
0.000551
0.000492
0.000817
0.000536
0.000533
0.000512
0.000680
0.000506
0.000604
0.000520
0.003318
0.002573
0.002596
0.003526
0.003329
0.002989
0.002580
0.002749
0.002675
0.003062
0.003999
0.002637
0.002653
0.003759
0.002685
0.003921
0.002765
0.003202
0.002746
0.003422
0.003460
0.003452
0.003380
0.002757
0.003725
0.002913
0.003348
0.002686
0.002703
0.003099
0.003509
0.004236
0.004060
0.002352
0.003350
0.003447
0.002573
0.002769
0.002591
0.002605
0.003017
0.003093
0.003399
0.003005
0.003031
0.003284
0.002718
0.003108
0.002702
0.003752
0.003122
0.002742
0.003472
0.003101
0.002848
0.003112
0.003251
0.002835
0.003044
0.003342
0.003163
0.003450
0.003750
0.003673
0.003733
0.003713
0.003155
0.002777
0.003287
0.003378
0.003120
0.002651
0.002406
0.002804
0.002541
0.002922
0.003065
0.002503
0.003328
0.002301
0.003429
0.002330
0.003323
0.002771
0.003281
0.002646
0.003223
0.002529
0.002871
0.003155
0.003743
0.003261
0.003462
0.003346
0.004275
0.004610
0.002317
0.003352
0.003523
0.002855
0.003167
0.003086
0.003603
0.003355
0.002776
0.002727
0.002817
0.002579
0.002832
0.003224
0.003510
0.002971
0.002708
0.003347
0.004080
0.003489
0.003253
0.002755
0.003017
0.003676
0.003265
0.002920
0.002833
0.002784
0.003434
0.002797
0.002980
0.002774
0.003411
0.003348
0.003606
0.002831
0.002697
0.003822
0.002712
0.003258
0.002727
0.003143
0.003782
0.002840
0.003591
0.003202
0.002527
0.002624
0.003280
0.002653
0.003029
0.002495
0.002424
0.003128
0.003259
0.003195
0.003410
0.003264
0.002463
0.003201
0.003191
0.003491
0.002487
0.002580
0.003475
0.003361
0.003104
0.003248
0.003322
0.002885
0.002786
0.002764
0.003276
0.002595
0.003420
0.003690
0.003203
0.002767
0.003899
0.002583
0.003496
0.003451
0.003353
0.003598
0.003875
0.003264
0.002475
0.002902
0.002650
0.002452
0.003431
0.003390
0.002682
0.003563
0.002446
0.002820
0.002921
0.003323
0.002454
0.002438
0.002902
0.003297
0.002891
0.003080
0.002873
0.002964
0.002831
0.002336
0.002928
0.003396
0.002949
0.003931
0.003353
0.003324
0.003416
0.003640
0.004253
0.004521
0.003326
0.003788
0.002607
0.003165
0.003023
0.003142
0.003074
0.003495
0.002989
0.002763
0.003232
0.002777
0.002505
0.002471
0.003123
0.002933
0.003254
0.003372
0.003410
0.002802
0.002388
0.004061
0.003601
0.004244
0.002342
0.002771
0.004089
0.002724
0.002777
0.003179
0.003452
0.002737
0.004376
0.002958
0.003053
0.003183
0.003010
0.002633
0.003026
0.003518
0.003201
0.002637
0.002623
0.003773
0.002859
0.002734
0.002237
0.002403
0.003480
0.003610
0.002706
0.003190
0.003379
0.002769
0.002612
0.002620
0.003193
0.002627
0.002440
0.002778
0.003040
0.003310
0.003470
0.003187
0.002346
0.002931
0.003015
0.003396
0.002706
0.003138
0.003640
0.002698
0.003029
0.003252
0.003595
0.002732
0.002843
0.003034
0.002854
0.003314
0.002778
0.002479
0.003237
0.002884
0.003109
0.003401
0.002906
0.003386
0.002756
0.002897
0.003292
0.002411
0.002815
0.002488
0.003122
0.002811
0.003538
0.002555
0.003264
0.003216
0.002912
0.002880
0.003267
0.002743
0.004201
0.003379
0.002793
0.003048
0.003375
0.003337
0.002724
0.002694
0.002854
0.002515
0.003336
0.003411
0.002517
0.003219
0.003076
0.003197
0.002736
0.003018
0.003207
0.003406
0.003780
0.003216
0.002961
0.002553
0.002975
0.003346
0.003508
0.003461
0.002308
0.002608
0.002834
0.003190
0.003652
0.003063
0.003407
0.002577
0.002857
0.002748
0.003224
0.003047
0.002760
0.002849
0.003029
0.002690
0.002980
0.003542
0.002954
0.003959
0.004395
0.002708
0.002801
0.002962
0.002570
0.003399
0.002914
0.003653
0.003759
0.002763
0.003242
0.002995
0.003344
0.002391
0.002887
0.002849
0.003465
0.003544
0.002721
0.002396
0.003511
0.003941
0.003718
0.002981
0.002961
0.004029
0.003146
0.004448
0.002652
0.002964
0.003701
0.002843
0.003983
0.002782
0.003221
0.003545
0.003616
0.003449
0.002763
0.003413
0.002636
0.003524
0.003433
0.003901
0.002665
0.004334
0.002479
0.003145
0.003502
0.003205
0.002749
0.002787
0.003385
0.003674
0.003166
0.004242
0.003102
0.003479
0.002658
0.003379
0.003199
0.002715
0.002810
0.002746
0.003211
0.003167
0.003580
0.003214
0.002696
0.003734
0.002958
0.003318
0.002762
0.002343
0.003265
0.002826
0.002956
0.003016
0.002647
0.003879
0.003108
0.002544
0.003342
0.003003
0.002836
0.002937
0.003436
0.002780
0.003338
0.002983
0.004016
0.002299
0.002933
0.003177
0.002882
0.002386
0.002815
0.003282
0.002845
0.002891
0.002909
0.002380
0.003076
0.002919
0.002504
0.002645
0.003525
0.003483
0.003463
0.003302
0.002816
0.003389
0.003016
0.003122
0.002702
0.003306
0.003421
0.003311
0.003259
0.003085
0.004061
0.002892
0.003331
0.002618
0.003176
0.003994
0.003173
0.002582
0.003533
0.002814
0.002984
0.003129
0.003140
0.002865
