0.000767
0.001732
0.000707
0.000682
0.001171
0.000671
0.000672
0.000846
0.001007
0.000646
0.000796
0.000736
0.000871
0.000858
0.000783
0.000644
0.000709
0.000736
0.001018
0.000726
0.000812
0.000803
0.000764
0.000955
0.001051
0.000777
0.000902
0.000833
0.000766
0.000896
0.000839
0.001523
0.000655
0.000834
0.001128
0.000761
0.000913
0.000870
0.001923
0.000846
0.000759
0.001339
0.000835
0.000850
0.000880
0.000931
0.000862
0.000835
0.000990
0.000657
0.000798
0.001483
0.000696
0.000641
0.000883
0.000804
0.000952
0.001151
0.000814
0.000669
0.000800
0.000798
0.000841
0.000708
0.000810
0.000929
0.000765
0.000899
0.000752
0.000746
0.000841
0.000960
0.001680
0.000811
0.000871
0.000805
0.001234
0.000840
0.000904
0.000870
0.000734
0.001022
0.000767
0.000878
0.000760
0.000908
0.000809
0.000896
0.000824
0.000890
0.000691
0.000879
0.000904
0.000864
0.001070
0.000641
0.000829
0.000922
0.000656
0.000697
0.000821
0.000537
0.001013
0.000844
0.000855
0.000785
0.000965
0.000845
0.000615
0.000884
0.000887
0.000904
0.000840
0.001111
0.000922
0.000941
0.000913
0.000846
0.000876
0.000868
0.000835
0.000874
0.001053
0.000655
0.000817
0.000763
0.000654
0.000822
0.000864
0.000883
0.000730
0.000775
0.001104
0.000909
0.000937
0.000720
0.000833
0.001421
0.000837
0.000828
0.000786
0.001538
0.000611
0.000728
0.000950
0.000677
0.000761
0.000763
0.001141
0.000944
0.001066
0.000797
0.000800
0.000966
0.000843
0.001087
0.000839
0.001103
0.000835
0.000817
0.001472
0.000831
0.001423
0.000999
0.000949
0.000810
0.000760
0.000851
0.000755
0.001615
0.000660
0.000839
0.000979
0.000727
0.000821
0.000786
0.000889
0.000700
0.001089
0.000775
0.000680
0.000880
0.000945
0.000777
0.000938
0.000829
0.001109
0.000625
0.000835
0.000772
0.000654
0.000930
0.000818
0.001140
0.000664
0.000652
0.001062
0.000744
0.000881
0.000898
0.000860
0.000849
0.000787
0.002115
0.000820
0.000991
0.000644
0.000723
0.000718
0.000741
0.000889
0.000917
0.000930
0.000963
0.000827
0.000964
0.000968
0.000742
0.000908
0.000806
0.000742
0.000767
0.001127
0.000659
0.000796
0.000867
0.000903
0.000837
0.001417
0.000841
0.000743
0.000805
0.000990
0.000733
0.000733
0.000873
0.000693
0.000892
0.000800
0.001769
0.000799
0.000952
0.001130
0.000895
0.001082
0.000849
0.000977
0.000842
0.000753
0.000797
0.000877
0.000808
0.000827
0.000869
0.001562
0.000780
0.000802
0.000706
0.000861
0.000733
0.000656
0.002051
0.000665
0.000853
0.000855
0.000875
0.000783
0.000806
0.000539
0.000850
0.000783
0.000753
0.000869
0.000988
0.000825
0.000834
0.000782
0.000841
0.000821
0.000738
0.000874
0.000842
0.000789
0.001027
0.000795
0.000748
0.000974
0.000625
0.000867
0.000957
0.000709
0.000835
0.000727
0.000788
0.000809
0.000939
0.000608
0.000756
0.000871
0.001109
0.000877
0.001002
0.000671
0.000703
0.000801
0.000744
0.000880
0.000777
0.001608
0.000870
0.000648
0.000899
0.000785
0.000796
0.000655
0.000993
0.000832
0.000708
0.000827
0.000815
0.000867
0.000866
0.000779
0.000843
0.000806
0.000767
0.000822
0.000808
0.000899
0.000865
0.000889
0.001042
0.000827
0.000766
0.000781
0.000744
0.000828
0.000955
0.000953
0.000823
0.000709
0.000856
0.000785
0.000822
0.000785
0.000761
0.000809
0.000984
0.000696
0.000743
0.000730
0.001142
0.000803
0.000908
0.000809
0.000847
0.000933
0.000967
0.000862
0.001087
0.000965
0.000671
0.000805
0.000895
0.000866
0.000887
0.000844
0.000878
0.000870
0.001206
0.000763
0.000844
0.000769
0.000815
0.000897
0.000795
0.000845
0.000752
0.000787
0.000963
0.000763
0.000664
0.001167
0.000705
0.000828
0.001064
0.000783
0.001088
0.000790
0.000747
0.000789
0.000830
0.000779
0.001099
0.000664
0.000712
0.000876
0.000898
0.000818
0.001509
0.000630
0.000991
0.000673
0.001805
0.000804
0.000921
0.001937
0.000848
0.001089
0.001017
0.000802
0.000859
0.001142
0.001394
0.000868
0.000786
0.000950
0.000973
0.000774
0.000870
0.000813
0.000685
0.001121
0.000807
0.000958
0.000756
0.000843
0.001393
0.000683
0.001735
0.000903
0.001058
0.000743
0.000711
0.001332
0.000682
0.000838
0.000851
0.000958
0.000806
0.001020
0.000828
0.000890
0.000779
0.000951
0.000841
0.000830
0.000890
0.001088
0.000705
0.000810
0.001118
0.000650
0.000752
0.000755
0.000774
0.000805
0.000807
0.000848
0.001090
0.000726
0.001007
0.000828
0.000794
0.000792
0.000878
0.001174
0.000773
0.000778
0.000849
0.000803
0.000796
0.000835
0.001152
0.000682
0.000780
0.001718
0.000790
0.000862
0.000886
0.000856
0.000904
0.000798
0.000972
0.000652
0.000653
0.000707
0.000964
0.000848
0.000798
0.000935
0.000755
0.000814
0.001009
0.000672
0.000782
0.000775
0.000672
0.000602
0.000891
0.003509
0.003357
0.004193
0.003241
0.003823
0.003299
0.002855
0.003829
0.004178
0.003614
0.003817
0.003788
0.002815
0.003501
0.003988
0.003190
0.003905
0.003109
0.003716
0.003617
0.002695
0.003649
0.002688
0.003103
0.003479
0.003928
0.003809
0.003099
0.003113
0.003483
0.003348
0.003637
0.003108
0.003810
0.003148
0.003924
0.003021
0.004310
0.002923
0.003019
0.003241
0.003454
0.004101
0.003321
0.003060
0.003599
0.004285
0.004091
0.003096
0.003819
0.003202
0.003581
0.003774
0.004143
0.003535
0.003802
0.003015
0.003401
0.004759
0.003543
0.003220
0.003582
0.003574
0.004093
0.003477
0.004193
0.003925
0.003952
0.003118
0.003761
0.003410
0.002924
0.003254
0.004089
0.004400
0.003420
0.003744
0.003170
0.003856
0.004216
0.002762
0.003194
0.004367
0.003821
0.002703
0.003256
0.005713
0.003267
0.003683
0.004120
0.003145
0.003749
0.003849
0.003656
0.003143
0.003599
0.005025
0.004055
0.004845
0.003923
0.003132
0.004042
0.003407
0.003959
0.004136
0.003903
0.003892
0.003152
0.003660
0.003707
0.003251
0.003843
0.003108
0.003954
0.003163
0.003614
0.003118
0.003757
0.003165
0.003226
0.003611
0.003724
0.003831
0.003252
0.003570
0.003103
0.004053
0.002928
0.003911
0.004113
0.003663
0.004291
0.004040
0.004382
0.003718
0.004403
0.002796
0.004522
0.003591
0.003572
0.005314
0.004127
0.003903
0.003750
0.003060
0.003825
0.002981
0.003523
0.003432
0.004549
0.003112
0.003295
0.003858
0.005207
0.003845
0.002680
0.003636
0.003905
0.003721
0.003363
0.003121
0.003555
0.003697
0.003547
0.003836
0.003849
0.003008
0.005312
0.003467
0.004358
0.003821
0.003304
0.004198
0.003319
0.003626
0.003288
0.004093
0.003942
0.003822
0.003866
0.003421
0.004073
0.003816
0.003622
0.002965
0.003436
0.004328
0.004099
0.003850
0.003303
0.003624
0.002716
0.004478
0.004096
0.003145
0.003765
0.003491
0.003260
0.003244
0.004139
0.003635
0.003131
0.003630
0.003760
0.003352
0.004848
0.003146
0.004430
0.003810
0.003538
0.002954
0.005002
0.004311
0.003405
0.003553
0.003355
0.003232
0.003132
0.003952
0.003898
0.003939
0.004046
0.002898
0.003235
0.004334
0.004017
0.003742
0.004391
0.004043
0.003197
0.003174
0.003568
0.003355
0.004776
0.003939
0.003432
0.003225
0.003836
0.003139
0.004358
0.003666
0.003468
0.004240
0.004100
0.003815
0.002836
0.003805
0.003586
0.003450
0.003846
0.003817
0.002922
0.004256
0.003718
0.003843
0.003854
0.004494
0.003266
0.004130
0.003819
0.003120
0.003896
0.004756
0.003941
0.004352
0.003663
0.003912
0.003788
0.003804
0.003248
0.003478
0.003162
0.003202
0.003177
0.003750
0.004011
0.003281
0.003954
0.003947
0.004343
0.003897
0.003191
0.003840
0.003133
0.003032
0.004013
0.002948
0.004107
0.003898
0.003997
0.004147
0.003893
0.004125
0.003519
0.004042
0.002982
0.003301
0.003809
0.003730
0.004005
0.003893
0.003809
0.003777
0.003836
0.003423
0.004474
0.003379
0.004494
0.003464
0.003809
0.003668
0.004347
0.003682
0.004447
0.003565
0.003837
0.003125
0.005063
0.002985
0.004022
0.004276
0.003838
0.002739
0.003842
0.003796
0.003970
0.004236
0.003357
0.003823
0.003916
0.004182
0.003613
0.003863
0.003236
0.002827
0.003845
0.003732
0.002959
0.002964
0.003899
0.003494
0.003993
0.003823
0.003923
0.003260
0.003819
0.004027
0.005161
0.003608
0.004129
0.003937
0.003139
0.004147
0.003619
0.003135
0.003671
0.003559
0.003362
0.004583
0.004141
0.003473
0.003765
0.003957
0.003196
0.002801
0.003845
0.003196
0.003725
0.003368
0.003833
0.003506
0.004012
0.004195
0.002937
0.003752
0.004047
0.003916
0.002984
0.003765
0.003780
0.003383
0.003645
0.004814
0.003578
0.003792
0.003538
0.003550
0.003709
0.004761
0.003905
0.004884
0.003697
0.003289
0.004079
0.003636
0.003885
0.003122
0.004474
0.003375
0.004360
0.003929
0.003995
0.003736
0.004065
0.003068
0.003420
0.004513
0.003531
0.002778
0.004486
0.003089
0.003576
0.004336
0.003997
0.003194
0.003203
0.003520
0.002831
0.003141
0.004080
0.003906
0.003191
0.004189
0.004974
0.003161
0.003405
0.004323
0.004060
0.003200
0.003034
0.004793
0.004499
0.003617
0.003533
0.003424
0.004457
0.003985
0.003615
0.003101
0.004999
0.002893
0.003896
0.004312
0.002787
0.003412
0.003588
0.003630
0.003939
0.003252
0.003587
0.003855
0.004002
0.003565
0.003916
0.003933
0.003232
0.004864
0.002876
0.004407
0.003301
0.004504
0.002879
0.003151
0.003919
0.004075
0.003123
0.003194
0.003947
0.003181
0.003975
0.004194
0.004905
0.003520
0.003213
0.004504
0.003316
0.003842
0.003041
0.003480
0.003462
0.004543
0.003321
0.004346
0.003195
0.003742
0.003894
0.003926
0.004026
0.003579
0.003847
0.004078
0.004028
0.004030
0.003656
0.003965
0.003689
0.005021
0.003452
0.002784
0.003831
