0.000619
0.000493
0.000641
0.000679
0.001404
0.000500
0.000497
0.000633
0.000493
0.000687
0.000555
0.000509
0.000477
0.000439
0.001319
0.000632
0.000498
0.001252
0.000529
0.000636
0.000427
0.000503
0.000531
0.001754
0.000650
0.000438
0.000526
0.000641
0.000485
0.001206
0.001251
0.000458
0.000483
0.000631
0.000640
0.000547
0.000506
0.000564
0.000461
0.000492
0.000445
0.000515
0.001380
0.000513
0.000473
0.000586
0.000537
0.000478
0.000516
0.001251
0.000653
0.000650
0.001610
0.000483
0.000492
0.000447
0.000689
0.000509
0.000480
0.001071
0.000460
0.000439
0.000596
0.000630
0.000528
0.000612
0.000498
0.000521
0.000503
0.000521
0.000460
0.000537
0.000620
0.000641
0.000436
0.000539
0.000624
0.000492
0.000517
0.000638
0.000631
0.000697
0.000636
0.000676
0.000552
0.000538
0.000494
0.000571
0.000502
0.000552
0.000758
0.000455
0.000473
0.000723
0.000477
0.000514
0.000503
0.000614
0.000443
0.000536
0.001861
0.000645
0.000478
0.000434
0.000501
0.000474
0.000484
0.000535
0.000443
0.000553
0.000502
0.000493
0.000582
0.000492
0.000477
0.000500
0.000509
0.000460
0.000457
0.000456
0.000481
0.000478
0.000637
0.000673
0.001299
0.000480
0.000474
0.000475
0.000548
0.000503
0.000527
0.000667
0.000670
0.000484
0.000645
0.000659
0.000470
0.001201
0.000618
0.000451
0.002013
0.000484
0.000518
0.000630
0.000502
0.000439
0.000444
0.001159
0.000505
0.000453
0.000615
0.000530
0.000486
0.000802
0.000489
0.000517
0.000562
0.000471
0.000666
0.000453
0.000502
0.000505
0.000510
0.000461
0.000572
0.000480
0.000529
0.000583
0.000466
0.000503
0.000524
0.001072
0.000504
0.000487
0.000646
0.000465
0.000520
0.000510
0.000574
0.000463
0.000599
0.000410
0.000683
0.000499
0.001032
0.000485
0.000682
0.000616
0.000461
0.000527
0.000529
0.000487
0.000457
0.000633
0.000468
0.000463
0.000558
0.000528
0.000517
0.000463
0.000498
0.000480
0.000507
0.001352
0.000557
0.000627
0.000603
0.000533
0.000680
0.000465
0.000546
0.001407
0.001029
0.000453
0.000455
0.001306
0.000686
0.000503
0.000524
0.000526
0.000547
0.001402
0.000508
0.000655
0.000625
0.000436
0.000456
0.000550
0.000450
0.000688
0.000561
0.000448
0.000556
0.000528
0.002301
0.000536
0.000558
0.000681
0.001047
0.000478
0.000811
0.000490
0.000497
0.000651
0.000501
0.000644
0.000655
0.001196
0.000559
0.001359
0.000541
0.001715
0.000538
0.000457
0.000492
0.000528
0.000490
0.000546
0.000527
0.000496
0.000528
0.000481
0.001062
0.000455
0.000630
0.000870
0.000509
0.000512
0.000478
0.000461
0.000442
0.000469
0.000627
0.000539
0.000632
0.001020
0.000436
0.000839
0.000480
0.000491
0.000661
0.000844
0.000482
0.000488
0.000645
0.000533
0.000568
0.000629
0.000644
0.000656
0.000521
0.000507
0.000497
0.000523
0.000469
0.000589
0.000438
0.001097
0.000528
0.000540
0.000525
0.001657
0.000955
0.000513
0.000486
0.000501
0.000515
0.001460
0.000547
0.000440
0.000634
0.000603
0.001033
0.000504
0.001365
0.001035
0.000544
0.000521
0.000451
0.000440
0.000523
0.000455
0.000686
0.000485
0.000579
0.000508
0.000459
0.001304
0.000469
0.000869
0.000625
0.000500
0.000495
0.000612
0.000513
0.000650
0.000658
0.000463
0.000456
0.000678
0.000499
0.000550
0.000834
0.000514
0.000581
0.000492
0.000572
0.000510
0.000604
0.000483
0.000535
0.000584
0.000545
0.000676
0.001310
0.000504
0.001043
0.000510
0.000830
0.000510
0.000565
0.000455
0.001664
0.000560
0.000631
0.000666
0.000531
0.000475
0.000504
0.000913
0.000518
0.000966
0.001511
0.000540
0.001351
0.001357
0.000888
0.000514
0.000444
0.000698
0.000511
0.000459
0.000737
0.000439
0.001439
0.000516
0.000570
0.000451
0.000645
0.000617
0.000477
0.000530
0.000491
0.000452
0.000792
0.000581
0.000545
0.000623
0.000592
0.000540
0.000696
0.000487
0.000493
0.001404
0.001069
0.000501
0.001328
0.000451
0.000521
0.000440
0.000502
0.000463
0.000501
0.001235
0.000533
0.000438
0.000503
0.000505
0.000578
0.000714
0.000480
0.000548
0.000834
0.000458
0.000458
0.001469
0.000543
0.000549
0.000506
0.000507
0.000570
0.000526
0.000624
0.000511
0.000442
0.000505
0.000507
0.000632
0.000492
0.000526
0.000494
0.001561
0.001350
0.000679
0.000591
0.001197
0.000608
0.000521
0.000536
0.000891
0.000543
0.000472
0.000516
0.000541
0.000502
0.000524
0.000663
0.000522
0.001246
0.000494
0.000527
0.000564
0.000541
0.000471
0.000490
0.001407
0.001306
0.000510
0.001881
0.000711
0.000472
0.000541
0.000446
0.000526
0.000500
0.000600
0.000479
0.000490
0.000633
0.000515
0.000535
0.000624
0.000536
0.000490
0.001676
0.000699
0.000431
0.001435
0.000616
0.000526
0.001647
0.000553
0.000488
0.000521
0.000503
0.000452
0.000511
0.000515
0.000490
0.000528
0.002720
0.004364
0.002891
0.002655
0.003532
0.003324
0.003410
0.003066
0.003451
0.002904
0.002862
0.004143
0.002301
0.003350
0.003051
0.003232
0.003473
0.003201
0.003075
0.003455
0.002679
0.003384
0.002633
0.003327
0.003188
0.002430
0.003549
0.004636
0.004311
0.002864
0.003340
0.002424
0.002760
0.003040
0.003021
0.003116
0.003343
0.003692
0.002741
0.002941
0.002707
0.002628
0.003236
0.002460
0.003105
0.003001
0.002861
0.003139
0.003298
0.002965
0.002697
0.002866
0.002763
0.002951
0.002771
0.003239
0.002733
0.002971
0.003235
0.002306
0.002802
0.002670
0.002890
0.002837
0.003321
0.003310
0.002732
0.003152
0.003627
0.002633
0.003089
0.003443
0.002776
0.002831
0.002870
0.004382
0.002796
0.004271
0.003951
0.002734
0.002922
0.003475
0.004193
0.002717
0.002670
0.002610
0.003440
0.002940
0.003624
0.002767
0.003116
0.003423
0.003386
0.003039
0.003767
0.003556
0.003278
0.003665
0.003550
0.003744
0.002513
0.002572
0.002902
0.002649
0.003517
0.003104
0.003912
0.004521
0.002331
0.002730
0.002699
0.002827
0.002678
0.003366
0.002956
0.003220
0.003816
0.002527
0.002854
0.003149
0.003274
0.003266
0.002876
0.002797
0.003163
0.003316
0.003082
0.002422
0.003099
0.003862
0.003152
0.003578
0.002660
0.003235
0.002718
0.003235
0.003203
0.002694
0.003212
0.002445
0.003849
0.002873
0.003356
0.002271
0.002707
0.002445
0.003499
0.002911
0.003774
0.003020
0.002715
0.003410
0.003125
0.002843
0.002640
0.003253
0.002726
0.002753
0.002535
0.002326
0.003281
0.002945
0.003170
0.003936
0.002734
0.003077
0.003206
0.004056
0.003654
0.003581
0.003122
0.002959
0.003082
0.002724
0.002629
0.003053
0.002759
0.002349
0.002697
0.002724
0.003414
0.002951
0.002904
0.002415
0.003782
0.003272
0.003331
0.003067
0.003694
0.003256
0.002832
0.003092
0.002781
0.003238
0.002713
0.002896
0.002662
0.003187
0.004160
0.003205
0.003165
0.002980
0.003037
0.002497
0.003986
0.002732
0.002685
0.003427
0.003349
0.002712
0.003313
0.003121
0.002696
0.003663
0.003184
0.002683
0.002884
0.003268
0.003706
0.003352
0.002642
0.002721
0.003452
0.003815
0.003193
0.002706
0.003339
0.002878
0.002675
0.004127
0.002757
0.002889
0.003197
0.003206
0.003489
0.003029
0.002837
0.002510
0.002573
0.003176
0.002792
0.002533
0.003516
0.003344
0.002696
0.003352
0.002920
0.003222
0.002980
0.002781
0.002820
0.003139
0.002859
0.002777
0.002905
0.002847
0.002954
0.003369
0.003023
0.003062
0.002468
0.002787
0.003190
0.003012
0.003441
0.003732
0.002484
0.003442
0.003923
0.002357
0.003381
0.002533
0.003017
0.002787
0.003183
0.002694
0.003542
0.003649
0.003207
0.003488
0.002730
0.002909
0.003665
0.003695
0.002758
0.002817
0.003312
0.003569
0.002757
0.002974
0.002636
0.002696
0.003615
0.002703
0.003382
0.003242
0.003006
0.002713
0.002838
0.003493
0.003382
0.002961
0.002622
0.003432
0.002593
0.002795
0.002871
0.003046
0.003517
0.003159
0.003028
0.004389
0.003117
0.003056
0.003586
0.003546
0.003039
0.002813
0.003067
0.003087
0.002845
0.003082
0.002481
0.003639
0.002906
0.003610
0.002338
0.002938
0.002754
0.002192
0.003000
0.003514
0.003012
0.002704
0.003072
0.002729
0.002980
0.003454
0.002771
0.002666
0.003174
0.002441
0.004215
0.003173
0.002425
0.003477
0.003227
0.002921
0.003447
0.003388
0.002527
0.003413
0.003189
0.003201
0.003014
0.002530
0.003249
0.002456
0.002844
0.003179
0.003337
0.003850
0.003341
0.002818
0.003603
0.003103
0.003322
0.002382
0.003161
0.002828
0.003887
0.002973
0.003619
0.003196
0.003379
0.002677
0.003204
0.003223
0.002516
0.002777
0.003500
0.004370
0.004067
0.002646
0.002697
0.003066
0.002315
0.002647
0.003470
0.003355
0.002684
0.003024
0.002686
0.003023
0.003347
0.002764
0.003161
0.003348
0.002307
0.003117
0.002992
0.002654
0.003151
0.002685
0.002875
0.002911
0.003602
0.002278
0.002713
0.002509
0.003164
0.003074
0.002700
0.002460
0.002843
0.003388
0.004231
0.004472
0.002732
0.003488
0.002332
0.003221
0.002937
0.002659
0.002693
0.002846
0.003394
0.003224
0.002806
0.003269
0.002632
0.002475
0.002558
0.003378
0.003692
0.002844
0.002889
0.002721
0.003180
0.002850
0.003319
0.002753
0.002896
0.003731
0.003440
0.003304
0.002663
0.003946
0.003072
0.003688
0.002386
0.003411
0.002848
0.003270
0.003263
0.004226
0.002650
0.003284
0.003444
0.002651
0.003415
0.002491
0.002447
0.003602
0.003294
0.004302
0.002808
0.003421
0.002734
0.002301
0.002614
0.004100
0.002798
0.003323
0.003186
0.002327
0.002517
0.002993
0.003677
0.002913
0.003391
0.002850
0.002485
0.002681
0.003016
0.003114
0.002543
0.003239
0.003059
0.003050
0.002709
0.003235
0.002978
0.003518
0.003274
0.002877
0.004096
0.002943
0.002614
0.003518
