0.001558
0.001758
0.001670
0.001956
0.001829
0.001409
0.001833
0.001909
0.001372
0.001451
0.001782
0.001383
0.001732
0.001861
0.001782
0.001286
0.002115
0.001826
0.001734
0.001464
0.001766
0.001932
0.001789
0.001778
0.001795
0.001444
0.001712
0.001869
0.001830
0.001809
0.001725
0.001685
0.001761
0.001758
0.001751
0.001303
0.001836
0.001790
0.001736
0.001731
0.001800
0.001812
0.001738
0.001502
0.001314
0.001790
0.001808
0.001864
0.001670
0.001767
0.001772
0.001954
0.001935
0.001858
0.001959
0.001371
0.001743
0.001787
0.001767
0.001776
0.001775
0.001542
0.001792
0.001848
0.001824
0.001761
0.002503
0.001868
0.001745
0.001730
0.001875
0.001841
0.001711
0.001688
0.001419
0.001669
0.001749
0.001255
0.001815
0.001776
0.001322
0.001682
0.001835
0.001928
0.001836
0.001732
0.001464
0.001853
0.001986
0.001412
0.001680
0.001851
0.001421
0.002729
0.002122
0.001669
0.001773
0.001773
0.001939
0.001762
0.001752
0.001814
0.001245
0.001736
0.001789
0.002232
0.001867
0.002179
0.001447
0.001527
0.001682
0.001759
0.001806
0.001779
0.001777
0.001704
0.001821
0.001457
0.001843
0.001899
0.001754
0.001743
0.001812
0.001808
0.001912
0.001292
0.001787
0.001651
0.001830
0.001720
0.001818
0.001887
0.001884
0.001746
0.001463
0.001431
0.001810
0.001811
0.001494
0.001701
0.001815
0.002075
0.001695
0.002044
0.001540
0.001721
0.002802
0.001788
0.001553
0.002895
0.001672
0.001897
0.001895
0.001470
0.001791
0.001779
0.001849
0.001845
0.001837
0.001770
0.001421
0.001792
0.001592
0.001789
0.001692
0.002342
0.002879
0.001793
0.001563
0.002453
0.001741
0.001678
0.001770
0.001675
0.001836
0.001773
0.002068
0.001551
0.001785
0.001768
0.002251
0.001836
0.001685
0.001836
0.001306
0.001833
0.001942
0.001587
0.002426
0.001745
0.001428
0.001731
0.001700
0.001912
0.001919
0.001781
0.001664
0.001918
0.001847
0.002237
0.001779
0.001865
0.001939
0.002519
0.001797
0.001869
0.001887
0.001941
0.001722
0.001236
0.002327
0.001804
0.001810
0.001468
0.001952
0.001733
0.001433
0.001897
0.001901
0.002630
0.001720
0.001876
0.001879
0.001803
0.001811
0.002152
0.001804
0.001751
0.001757
0.001853
0.001950
0.001766
0.001942
0.001764
0.001939
0.001647
0.001272
0.001870
0.001622
0.001589
0.001794
0.001949
0.001964
0.001764
0.001434
0.001773
0.001840
0.001656
0.001865
0.001683
0.001697
0.002141
0.001896
0.002014
0.001459
0.001787
0.001549
0.001942
0.001561
0.001486
0.001806
0.001633
0.001793
0.001820
0.001804
0.001497
0.002035
0.001672
0.001959
0.001770
0.001792
0.001831
0.001535
0.001704
0.001546
0.001912
0.001746
0.001708
0.001664
0.001817
0.001856
0.001515
0.001723
0.001701
0.001632
0.001946
0.001774
0.002066
0.002249
0.001924
0.002065
0.001887
0.001764
0.001856
0.001492
0.001972
0.001800
0.002632
0.001762
0.001789
0.002134
0.002427
0.001822
0.002151
0.002146
0.001819
0.002094
0.001845
0.001793
0.001846
0.001926
0.001648
0.001773
0.001691
0.001794
0.001671
0.001863
0.001668
0.001821
0.001814
0.001805
0.001829
0.001915
0.001722
0.001954
0.001772
0.001935
0.001674
0.002061
0.001859
0.001849
0.002572
0.001657
0.001814
0.001509
0.001620
0.001893
0.001828
0.002030
0.001650
0.001797
0.001732
0.001679
0.001787
0.001797
0.002072
0.001710
0.001691
0.001706
0.001663
0.001842
0.001540
0.002187
0.001520
0.001476
0.002465
0.001742
0.001696
0.002054
0.001497
0.001759
0.001267
0.002142
0.001710
0.002083
0.001761
0.001425
0.001914
0.001750
0.001776
0.001399
0.001768
0.002184
0.001645
0.002079
0.001423
0.001673
0.002132
0.001919
0.001254
0.001688
0.001788
0.001773
0.001591
0.001899
0.001491
0.001531
0.002221
0.001665
0.001850
0.001481
0.001761
0.001813
0.002185
0.001718
0.001799
0.001764
0.001941
0.001909
0.002395
0.001471
0.002162
0.001923
0.001574
0.002051
0.001770
0.001900
0.002104
0.002044
0.001671
0.001730
0.001923
0.001761
0.002140
0.001734
0.001342
0.001826
0.001816
0.002106
0.002033
0.001871
0.001670
0.001865
0.001824
0.001840
0.002619
0.001763
0.001509
0.002038
0.001788
0.001646
0.002054
0.001605
0.001956
0.001861
0.002064
0.001733
0.001301
0.001998
0.001711
0.002017
0.001820
0.001927
0.002110
0.002036
0.002812
0.002184
0.001775
0.001841
0.001572
0.001714
0.001958
0.001974
0.002105
0.001727
0.001827
0.001680
0.001966
0.001864
0.001876
0.001964
0.001378
0.002112
0.002009
0.001455
0.001829
0.002162
0.001844
0.002309
0.002024
0.001568
0.002173
0.002052
0.001851
0.002103
0.001771
0.001761
0.001682
0.001938
0.001776
0.002393
0.001841
0.001654
0.001382
0.002041
0.001918
0.001827
0.001807
0.001705
0.001865
0.001301
0.002518
0.001671
0.001677
0.002154
0.001832
0.001659
0.001373
0.001801
0.001911
0.005204
0.004850
0.005107
0.005551
0.005931
0.005675
0.005587
0.005240
0.005638
0.005603
0.004948
0.005193
0.005394
0.005039
0.004936
0.004984
0.004084
0.005099
0.004298
0.004767
0.005214
0.006533
0.005621
0.005390
0.005692
0.004689
0.005254
0.004485
0.004997
0.004479
0.005273
0.005418
0.006963
0.005098
0.005875
0.005376
0.005834
0.005386
0.005267
0.005302
0.005689
0.005945
0.005065
0.005673
0.004128
0.005910
0.006186
0.005810
0.004746
0.005058
0.005570
0.006245
0.004930
0.003933
0.005544
0.005202
0.005305
0.005179
0.005991
0.005423
0.006055
0.005198
0.005265
0.006200
0.005249
0.005259
0.005264
0.006592
0.005798
0.004781
0.005260
0.004994
0.006288
0.004447
0.005908
0.005799
0.004643
0.004921
0.005058
0.004756
0.006015
0.004661
0.005851
0.005129
0.005790
0.005363
0.005136
0.005240
0.004930
0.006041
0.005248
0.005327
0.005194
0.005161
0.006864
0.005153
0.005482
0.005960
0.005182
0.005462
0.005279
0.005506
0.005177
0.005328
0.005044
0.005365
0.005126
0.005351
0.004744
0.003800
0.005679
0.006535
0.005876
0.005758
0.005075
0.004985
0.005093
0.006580
0.005529
0.006392
0.005602
0.005435
0.005177
0.005490
0.005391
0.004722
0.005368
0.004952
0.005403
0.005116
0.004237
0.005769
0.003934
0.006309
0.006518
0.005351
0.005817
0.005373
0.004985
0.005579
0.004981
0.004481
0.005706
0.005546
0.005485
0.005812
0.005933
0.005478
0.005419
0.004240
0.006081
0.004250
0.005066
0.006387
0.006095
0.004680
0.004384
0.004438
0.005076
0.004435
0.005333
0.005175
0.005070
0.005471
0.005761
0.005832
0.005370
0.004920
0.005342
0.004719
0.005094
0.004296
0.005481
0.005412
0.005090
0.005202
0.004303
0.005483
0.004042
0.004567
0.006506
0.005267
0.005028
0.005104
0.005811
0.005614
0.005136
0.006472
0.005608
0.005496
0.004294
0.005345
0.005260
0.005815
0.005397
0.005821
0.006087
0.005970
0.003946
0.004678
0.006098
0.004067
0.005590
0.005158
0.006434
0.005257
0.005698
0.005318
0.004214
0.005797
0.004945
0.004240
0.006069
0.005733
0.005737
0.005263
0.006078
0.005319
0.005036
0.005838
0.005804
0.005259
0.005729
0.006503
0.005394
0.005047
0.004937
0.005050
0.006034
0.005297
0.006035
0.003879
0.005113
0.004769
0.005536
0.004567
0.006186
0.005762
0.005277
0.005324
0.005122
0.004949
0.005134
0.005002
0.004259
0.004032
0.005276
0.005430
0.004949
0.005890
0.006632
0.005389
0.005478
0.005906
0.005783
0.005871
0.003884
0.003950
0.005155
0.005987
0.005343
0.005994
0.006005
0.005261
0.004993
0.005398
0.005358
0.005683
0.005406
0.005229
0.004088
0.005874
0.005235
0.005633
0.005016
0.005224
0.006174
0.004174
0.005957
0.004847
0.005019
0.005535
0.005253
0.005757
0.005377
0.005170
0.005218
0.005234
0.004853
0.006058
0.005514
0.005513
0.005260
0.005324
0.006108
0.006023
0.004999
0.004783
0.005253
0.004988
0.005122
0.003911
0.005559
0.005529
0.004755
0.005359
0.005658
0.005156
0.005256
0.004738
0.005041
0.005536
0.005622
0.005448
0.004904
0.006113
0.004487
0.005260
0.005763
0.005363
0.005716
0.005307
0.005457
0.005155
0.005025
0.005900
0.005331
0.005840
0.006250
0.004259
0.005075
0.005452
0.004981
0.004946
0.005185
0.005447
0.005807
0.005336
0.005110
0.005420
0.006572
0.005051
0.005989
0.006018
0.006027
0.006142
0.005390
0.004449
0.005033
0.006523
0.005199
0.005095
0.005268
0.005561
0.005538
0.005846
0.005655
0.005763
0.005468
0.004767
0.004687
0.005028
0.005730
0.004309
0.005128
0.005005
0.005402
0.005734
0.005622
0.005491
0.005840
0.005192
0.006188
0.006334
0.005005
0.005290
0.005751
0.005572
0.005583
0.003958
0.004991
0.005767
0.005965
0.005762
0.005477
0.004877
0.004297
0.005842
0.005469
0.005076
0.004939
0.005919
0.006141
0.005611
0.004107
0.005497
0.004549
0.006064
0.006328
0.006094
0.003853
0.006106
0.005342
0.005704
0.005583
0.005843
0.005643
0.004234
0.005036
0.005389
0.006433
0.005130
0.005308
0.005480
0.005707
0.006000
0.005482
0.006218
0.005631
0.005119
0.005051
0.005250
0.006200
0.006015
0.005134
0.004979
0.005592
0.004431
0.005336
0.005254
0.004006
0.005726
0.004677
0.004506
0.005431
0.006229
0.006263
0.005824
0.005842
0.005197
0.005354
0.005371
0.005454
0.005505
0.005219
0.005946
0.006202
0.005028
0.005341
0.005447
0.005432
0.006195
0.007219
0.005552
0.005239
0.004642
0.005544
0.005356
0.004133
0.006266
0.005215
0.004827
0.006203
0.005775
0.005229
0.005329
0.006294
0.005244
0.005218
0.003723
0.005775
0.005157
0.003895
0.004719
0.006029
0.005057
0.004396
0.004859
0.005954
0.006322
0.006039
0.004185
0.004969
0.005112
0.005210
0.005704
0.005574
0.005100
0.005927
0.006249
0.005483
0.005260
0.004946
0.005203
0.005451
0.006173
0.004284
0.005744
0.006091
0.005518
