0.001298
0.001177
0.001234
0.001229
0.001337
0.001184
0.001267
0.001857
0.002033
0.001726
0.001191
0.002366
0.001214
0.001190
0.001510
0.001266
0.001193
0.001201
0.001362
0.001121
0.001732
0.001277
0.001204
0.001235
0.001609
0.001755
0.001237
0.001244
0.002104
0.001221
0.001111
0.001252
0.001252
0.001207
0.001137
0.001729
0.001314
0.001190
0.001255
0.001201
0.001689
0.001244
0.001172
0.001123
0.002448
0.001215
0.001239
0.001271
0.001218
0.001731
0.002025
0.001158
0.001131
0.001484
0.001360
0.001138
0.001374
0.001143
0.001250
0.001241
0.001628
0.001188
0.001203
0.001312
0.001273
0.001107
0.001399
0.001247
0.001252
0.001233
0.001131
0.001739
0.001342
0.001168
0.001172
0.001432
0.002460
0.001257
0.001103
0.001142
0.001201
0.001738
0.001344
0.001396
0.000539
0.000621
0.000532
0.001235
0.000562
0.001496
0.002191
0.001158
0.001170
0.002390
0.001308
0.001434
0.001236
0.001868
0.001149
0.001428
0.002808
0.001286
0.002250
0.001043
0.001140
0.001076
0.001200
0.001694
0.001239
0.001270
0.001250
0.001486
0.002542
0.001916
0.001855
0.001902
0.001284
0.001149
0.001415
0.002296
0.001287
0.001406
0.002137
0.001446
0.001557
0.001387
0.001211
0.001257
0.001207
0.001132
0.001140
0.001065
0.001298
0.001185
0.001309
0.001720
0.001486
0.001926
0.001294
0.002503
0.001114
0.001541
0.001376
0.002006
0.001373
0.001186
0.001179
0.001359
0.001264
0.001150
0.001915
0.001388
0.001353
0.001406
0.001488
0.001474
0.001227
0.001174
0.001298
0.001262
0.001389
0.002555
0.001393
0.002475
0.001986
0.001305
0.001131
0.001261
0.002036
0.001318
0.001529
0.001379
0.001277
0.001372
0.001485
0.001203
0.001260
0.001128
0.001160
0.001104
0.001494
0.001219
0.001667
0.001347
0.002362
0.001425
0.001515
0.001707
0.001107
0.002096
0.001943
0.001293
0.001337
0.001359
0.001194
0.001440
0.001586
0.001183
0.001949
0.001496
0.001763
0.001980
0.001428
0.001532
0.001025
0.001334
0.001223
0.001231
0.001173
0.001469
0.001284
0.001223
0.002517
0.001394
0.001286
0.001987
0.001198
0.001378
0.001203
0.001913
0.001729
0.001415
0.002176
0.001245
0.001169
0.001364
0.001705
0.002036
0.001227
0.001537
0.001339
0.001207
0.001977
0.001190
0.001990
0.002537
0.001935
0.001188
0.002561
0.001472
0.001515
0.001981
0.001259
0.001300
0.001935
0.001420
0.001149
0.001214
0.003029
0.001860
0.002097
0.002001
0.001384
0.001629
0.002684
0.001121
0.001398
0.001406
0.002689
0.001311
0.001169
0.001173
0.001481
0.001727
0.001212
0.001527
0.001906
0.001202
0.001131
0.001333
0.001224
0.001819
0.002013
0.001318
0.002769
0.001414
0.001148
0.001541
0.001430
0.001304
0.002912
0.001296
0.001410
0.001237
0.001316
0.001228
0.001662
0.001260
0.001526
0.001940
0.001750
0.001484
0.001971
0.001402
0.001161
0.001306
0.002120
0.001874
0.002052
0.001390
0.001961
0.001310
0.001329
0.001301
0.002423
0.001439
0.001147
0.001234
0.001182
0.001474
0.001355
0.001293
0.001246
0.002131
0.001450
0.001263
0.001221
0.002738
0.001259
0.001461
0.001634
0.001200
0.001151
0.001491
0.001881
0.001287
0.001353
0.001981
0.001262
0.002092
0.001787
0.001132
0.002116
0.001867
0.002159
0.001481
0.002009
0.001136
0.001273
0.001820
0.001470
0.001299
0.001190
0.001872
0.001752
0.001437
0.001196
0.001993
0.002014
0.001455
0.001486
0.001765
0.001397
0.003227
0.002715
0.002533
0.001206
0.001283
0.001466
0.001993
0.001240
0.001703
0.001431
0.002176
0.001344
0.001204
0.001189
0.001255
0.001445
0.001602
0.001223
0.001203
0.002293
0.001391
0.001886
0.001237
0.001209
0.002084
0.001159
0.001125
0.001190
0.001323
0.001238
0.001206
0.001144
0.001363
0.001235
0.001433
0.001899
0.001276
0.001532
0.001333
0.001260
0.001183
0.001406
0.001197
0.001488
0.001992
0.001141
0.001936
0.001708
0.001915
0.001393
0.001963
0.001248
0.001242
0.001347
0.001375
0.001599
0.001322
0.001751
0.002537
0.001227
0.001260
0.001951
0.002873
0.001253
0.001284
0.001281
0.001225
0.001176
0.002588
0.001206
0.001395
0.001210
0.001205
0.001396
0.001447
0.001275
0.001493
0.002293
0.001192
0.001331
0.001235
0.001730
0.001392
0.001185
0.002532
0.001354
0.002060
0.001214
0.001184
0.001179
0.001581
0.001356
0.001345
0.001597
0.001303
0.001635
0.002151
0.001123
0.002036
0.001885
0.001154
0.002056
0.002469
0.001469
0.002500
0.001174
0.001467
0.001083
0.001124
0.001189
0.001198
0.001169
0.001999
0.001141
0.001330
0.001256
0.001180
0.001204
0.001747
0.001122
0.001336
0.001271
0.001437
0.001223
0.001249
0.001177
0.001197
0.002278
0.001218
0.001291
0.001755
0.001200
0.001200
0.001238
0.001358
0.001153
0.001553
0.001947
0.001088
0.001190
0.001547
0.001331
0.001120
0.001130
0.001743
0.001755
0.001217
0.004063
0.005850
0.004698
0.005553
0.003406
0.004861
0.004619
0.003376
0.004209
0.005181
0.006372
0.003801
0.004087
0.005540
0.004223
0.004485
0.005288
0.003773
0.004046
0.005493
0.005231
0.005236
0.004069
0.003803
0.003893
0.003846
0.005231
0.005867
0.004490
0.003479
0.005217
0.003482
0.005777
0.004096
0.004679
0.004816
0.005517
0.005581
0.005224
0.005175
0.003808
0.006167
0.005334
0.003377
0.004883
0.005265
0.003935
0.004075
0.005300
0.004320
0.005323
0.003984
0.003402
0.003419
0.003810
0.004120
0.004785
0.003502
0.005222
0.003929
0.004172
0.005744
0.005656
0.003752
0.006386
0.003649
0.004712
0.005214
0.005249
0.004516
0.003800
0.003628
0.005494
0.005252
0.005164
0.004344
0.004157
0.004902
0.003878
0.004989
0.005437
0.005192
0.003475
0.004128
0.004167
0.005892
0.003981
0.004023
0.005509
0.003520
0.005564
0.005178
0.005867
0.003462
0.005330
0.005279
0.005294
0.005191
0.005163
0.004158
0.003672
0.004148
0.005224
0.004338
0.004970
0.004027
0.005644
0.004823
0.003757
0.004504
0.004085
0.004499
0.005444
0.003520
0.006234
0.005249
0.004006
0.005230
0.005540
0.004868
0.005592
0.005731
0.006056
0.005110
0.003669
0.003395
0.003446
0.005900
0.005246
0.003748
0.005670
0.004324
0.004022
0.004741
0.003638
0.003588
0.003440
0.004038
0.004884
0.005381
0.003834
0.003891
0.006304
0.005832
0.005072
0.004185
0.003398
0.005178
0.004152
0.005243
0.003757
0.003928
0.004242
0.005526
0.003730
0.004258
0.005777
0.004429
0.005361
0.005115
0.005430
0.003524
0.005164
0.005287
0.005676
0.005119
0.005527
0.003577
0.003862
0.003819
0.003417
0.004020
0.004403
0.004466
0.006864
0.004567
0.005681
0.003753
0.005303
0.004534
0.003772
0.003543
0.003337
0.005446
0.005295
0.003716
0.005407
0.004686
0.005238
0.006404
0.003487
0.004479
0.005011
0.003839
0.005119
0.005573
0.005767
0.003813
0.003939
0.005556
0.003409
0.005162
0.003455
0.005580
0.003550
0.005462
0.003828
0.005317
0.005168
0.005116
0.004024
0.005171
0.003649
0.005810
0.005638
0.003624
0.005151
0.003819
0.005174
0.003326
0.005138
0.004106
0.005316
0.004055
0.003596
0.005131
0.005679
0.003846
0.005691
0.004464
0.005525
0.005330
0.003384
0.003567
0.004021
0.003851
0.005742
0.005689
0.005213
0.003430
0.003783
0.003796
0.004202
0.006601
0.003383
0.005768
0.003626
0.004226
0.005536
0.005716
0.005096
0.005631
0.005353
0.004112
0.005141
0.005074
0.003886
0.005253
0.003284
0.003627
0.003577
0.005553
0.003829
0.004804
0.004606
0.003774
0.003606
0.005958
0.003750
0.005398
0.005452
0.005829
0.004347
0.004019
0.004027
0.005949
0.005259
0.005592
0.005484
0.003539
0.005310
0.005426
0.004242
0.005574
0.005541
0.005349
0.003802
0.004534
0.003516
0.005079
0.005184
0.005340
0.004877
0.004918
0.003411
0.003436
0.006046
0.003835
0.004177
0.005267
0.005126
0.003585
0.005164
0.005367
0.004908
0.005250
0.004271
0.003677
0.004830
0.005063
0.005549
0.004175
0.006049
0.006004
0.003984
0.005520
0.005242
0.005122
0.004087
0.004185
0.005166
0.005786
0.005565
0.005300
0.005769
0.003547
0.005093
0.003785
0.005523
0.005300
0.003804
0.005524
0.005558
0.003968
0.005257
0.003603
0.005251
0.005523
0.005711
0.005195
0.005066
0.005218
0.003843
0.005685
0.004406
0.004065
0.004459
0.003395
0.003611
0.004319
0.005651
0.005042
0.005356
0.003378
0.004149
0.004367
0.003943
0.005402
0.003704
0.003402
0.003761
0.005907
0.005376
0.005393
0.003688
0.005608
0.005880
0.003834
0.005200
0.004626
0.004351
0.005314
0.003808
0.004086
0.004814
0.004620
0.005132
0.003650
0.005210
0.005592
0.005185
0.004393
0.005297
0.003842
0.005300
0.005328
0.005167
0.004590
0.004662
0.005215
0.003497
0.005182
0.005939
0.003416
0.005210
0.005195
0.005927
0.005486
0.004689
0.003998
0.006039
0.003761
0.004252
0.003803
0.005261
0.004147
0.004287
0.005410
0.005654
0.003385
0.003959
0.005140
0.005575
0.005160
0.005543
0.003821
0.003996
0.005662
0.003446
0.004752
0.005457
0.005644
0.005501
0.005993
0.005147
0.003676
0.005525
0.005844
0.006726
0.003838
0.004068
0.003945
0.003349
0.005048
0.003834
0.003787
0.005825
0.003909
0.005523
0.005179
0.004627
0.003719
0.003534
0.003936
0.005293
0.003728
0.003825
0.004155
0.003657
0.004090
0.005532
0.003472
0.006087
0.005316
0.004042
0.005737
0.005493
0.005896
0.003946
0.003858
0.003312
0.003651
0.004896
0.003884
0.003569
0.003787
0.005596
0.005453
0.005309
0.003439
0.005285
0.004306
0.003605
0.004888
0.005474
0.004118
0.004259
0.004404
0.005243
0.003394
0.004111
0.003740
0.005520
0.003384
0.004083
0.003509
0.005396
0.005413
0.003987
0.003765
0.004471
0.005265
0.005241
0.004143
0.003620
0.005917
0.003596
0.004862
0.005533
0.005580
