0.002206
0.001959
0.001920
0.001461
0.002142
0.002312
0.001420
0.002221
0.001416
0.001373
0.001387
0.002552
0.001359
0.002173
0.002835
0.002762
0.001424
0.002110
0.001398
0.001431
0.002354
0.002472
0.001541
0.001442
0.001964
0.003218
0.001915
0.002568
0.001790
0.001469
0.002295
0.001892
0.001560
0.001398
0.001701
0.001970
0.001887
0.001731
0.001542
0.001910
0.002574
0.002093
0.001423
0.002327
0.002863
0.001713
0.001959
0.002342
0.002102
0.002068
0.001958
0.002161
0.001490
0.002167
0.001409
0.001770
0.002699
0.002838
0.003769
0.002062
0.002181
0.001469
0.002273
0.001973
0.001508
0.001955
0.002268
0.001811
0.001489
0.001635
0.001618
0.002153
0.002187
0.001549
0.001467
0.001908
0.001388
0.001729
0.002689
0.001380
0.001518
0.002102
0.002406
0.001873
0.001749
0.001643
0.001482
0.002433
0.002217
0.001896
0.002043
0.002196
0.001451
0.001837
0.002314
0.001434
0.001821
0.002261
0.002220
0.001384
0.003206
0.001458
0.002670
0.002333
0.002719
0.001390
0.001978
0.002227
0.001449
0.002931
0.002706
0.001732
0.002344
0.001625
0.001461
0.002035
0.002868
0.001402
0.002900
0.002719
0.001593
0.001991
0.002676
0.001472
0.001401
0.002196
0.002857
0.001379
0.001899
0.003133
0.002703
0.002052
0.003264
0.001463
0.002089
0.001374
0.001735
0.002337
0.001587
0.001505
0.002287
0.001682
0.001366
0.002283
0.002915
0.002125
0.001366
0.002378
0.001784
0.002008
0.001454
0.002230
0.001598
0.002277
0.001430
0.001436
0.002164
0.001784
0.001469
0.002227
0.001477
0.001468
0.002243
0.002757
0.002675
0.002291
0.002515
0.001692
0.001536
0.002427
0.001663
0.001471
0.002297
0.002383
0.001420
0.002468
0.002205
0.001560
0.001766
0.002426
0.001777
0.001432
0.001744
0.001704
0.001476
0.002299
0.002282
0.001401
0.001688
0.001705
0.002288
0.001473
0.001866
0.002179
0.002883
0.001452
0.003081
0.001477
0.001470
0.002330
0.001727
0.001821
0.002090
0.001894
0.001362
0.001399
0.002248
0.001639
0.001946
0.002190
0.001472
0.001981
0.002227
0.002739
0.001605
0.002257
0.002169
0.001753
0.002149
0.002150
0.002479
0.002414
0.001695
0.002736
0.002703
0.002139
0.001735
0.001525
0.001376
0.002216
0.001451
0.001670
0.002412
0.001480
0.002200
0.002219
0.001844
0.001972
0.002562
0.001583
0.002838
0.002018
0.001718
0.001296
0.002232
0.001448
0.001386
0.001876
0.001515
0.002010
0.003091
0.003675
0.001430
0.001923
0.001657
0.002025
0.002200
0.001537
0.001420
0.002151
0.002472
0.002241
0.001418
0.001738
0.001390
0.001973
0.001958
0.001846
0.001595
0.001718
0.002995
0.001358
0.001662
0.002011
0.001486
0.002289
0.001475
0.002154
0.002334
0.002108
0.001606
0.001789
0.002185
0.002758
0.001642
0.002365
0.001731
0.001327
0.002312
0.001516
0.001408
0.002301
0.002634
0.001406
0.002306
0.003216
0.001945
0.002753
0.002007
0.001764
0.001411
0.002562
0.002130
0.001872
0.001965
0.002044
0.001435
0.003008
0.001901
0.001429
0.002498
0.003249
0.001962
0.002890
0.001874
0.001423
0.002198
0.002333
0.001453
0.001553
0.003252
0.002592
0.002773
0.002136
0.001560
0.001412
0.002434
0.001747
0.001573
0.002157
0.001656
0.001603
0.002324
0.001720
0.001464
0.002374
0.002009
0.001539
0.002757
0.002743
0.002550
0.001455
0.002091
0.001391
0.001487
0.002141
0.001715
0.001440
0.002267
0.002619
0.001398
0.002378
0.001984
0.001466
0.002302
0.001534
0.001376
0.002177
0.001931
0.001419
0.002959
0.001753
0.002599
0.002085
0.003093
0.002875
0.001664
0.002116
0.002430
0.001414
0.002441
0.001753
0.001799
0.002135
0.002593
0.001708
0.001886
0.002621
0.001378
0.002880
0.003203
0.001383
0.001356
0.001959
0.002706
0.001867
0.002279
0.002124
0.001373
0.003007
0.001738
0.001414
0.002517
0.002140
0.001463
0.002093
0.002380
0.001946
0.002350
0.003192
0.002725
0.001785
0.002280
0.001357
0.001407
0.002203
0.001602
0.002009
0.002729
0.002147
0.001470
0.002030
0.002248
0.001400
0.002463
0.002617
0.002855
0.001605
0.002299
0.002298
0.001435
0.002179
0.003129
0.002909
0.002038
0.002028
0.001661
0.001389
0.002333
0.003747
0.001596
0.001902
0.002366
0.001861
0.002454
0.001417
0.001492
0.002312
0.002470
0.002855
0.002135
0.002490
0.002246
0.002064
0.003153
0.001415
0.001973
0.002077
0.002405
0.001394
0.001996
0.002301
0.001496
0.002208
0.002106
0.001573
0.002230
0.001397
0.001386
0.002099
0.001971
0.003054
0.001472
0.002097
0.001662
0.001481
0.002146
0.001625
0.001372
0.002955
0.002754
0.001890
0.001921
0.001402
0.001457
0.001446
0.002382
0.001634
0.002662
0.002135
0.001549
0.002339
0.002137
0.001956
0.001431
0.002170
0.001449
0.001498
0.001427
0.003301
0.001723
0.001521
0.001967
0.002928
0.001436
0.001979
0.001426
0.002898
0.001903
0.002015
0.005264
0.004489
0.005091
0.004620
0.005308
0.004486
0.004199
0.004391
0.005206
0.004774
0.005092
0.005204
0.004770
0.005544
0.004739
0.004799
0.003631
0.004509
0.004926
0.004188
0.004240
0.006628
0.004253
0.005617
0.005219
0.005662
0.004673
0.006146
0.005002
0.004655
0.005178
0.005270
0.004569
0.005015
0.004267
0.005330
0.005826
0.005461
0.005483
0.004630
0.004805
0.004992
0.005535
0.004269
0.004872
0.005793
0.005026
0.005778
0.004626
0.004890
0.004369
0.004633
0.004123
0.005411
0.005506
0.004551
0.005528
0.003960
0.005862
0.005676
0.004258
0.004350
0.005436
0.004396
0.005414
0.005259
0.005571
0.004697
0.004696
0.004808
0.004547
0.004291
0.004576
0.005005
0.004667
0.004490
0.004861
0.005348
0.005716
0.004492
0.003868
0.003837
0.004222
0.004752
0.005079
0.004636
0.006052
0.004875
0.004782
0.003637
0.005573
0.005412
0.004760
0.005862
0.005413
0.004155
0.005054
0.004870
0.005264
0.005544
0.005611
0.005785
0.004434
0.005482
0.005556
0.005362
0.005077
0.005378
0.004850
0.005135
0.005813
0.004232
0.005355
0.004674
0.004992
0.003993
0.005622
0.004451
0.005027
0.004774
0.004493
0.005129
0.003598
0.005127
0.004407
0.004202
0.004347
0.005168
0.004755
0.005932
0.004631
0.005098
0.004964
0.005449
0.005389
0.006072
0.005429
0.004089
0.005249
0.005585
0.004620
0.005210
0.004431
0.005924
0.004767
0.004167
0.005156
0.005122
0.005433
0.004991
0.004627
0.005437
0.004307
0.004931
0.004800
0.005620
0.004377
0.004836
0.004858
0.005226
0.004868
0.005063
0.004001
0.005208
0.005374
0.004417
0.005255
0.004777
0.004397
0.004777
0.003991
0.004597
0.005795
0.004764
0.004387
0.004507
0.004190
0.005055
0.005206
0.004595
0.005633
0.005521
0.004747
0.005578
0.004703
0.004434
0.005732
0.003770
0.005284
0.004560
0.004191
0.004956
0.004372
0.005411
0.004832
0.005150
0.005666
0.004459
0.004891
0.004827
0.004630
0.004407
0.004899
0.005172
0.004502
0.005587
0.003999
0.004806
0.004709
0.005753
0.003828
0.004367
0.005064
0.004716
0.004915
0.004313
0.004087
0.004261
0.005763
0.004590
0.005952
0.005846
0.005638
0.004566
0.004555
0.005261
0.005420
0.003980
0.005085
0.004448
0.005621
0.005213
0.005659
0.005126
0.005456
0.005856
0.004246
0.005247
0.004601
0.004930
0.004031
0.004706
0.005112
0.005071
0.005076
0.006786
0.004331
0.004782
0.003921
0.005099
0.005521
0.005151
0.005432
0.005371
0.005138
0.004794
0.004361
0.006291
0.004236
0.004316
0.005814
0.006508
0.004862
0.004690
0.005080
0.004155
0.005268
0.004750
0.005596
0.005551
0.003991
0.004489
0.004991
0.006721
0.006267
0.004695
0.004968
0.004651
0.005661
0.004762
0.004392
0.005302
0.004472
0.004200
0.003567
0.004765
0.004757
0.005155
0.004873
0.004652
0.004868
0.004404
0.005392
0.004307
0.005389
0.005088
0.004577
0.004421
0.004991
0.005897
0.005262
0.005591
0.004544
0.003617
0.004860
0.005090
0.004436
0.004243
0.004471
0.005684
0.004109
0.004637
0.005798
0.006546
0.004312
0.004597
0.005485
0.004699
0.005590
0.005627
0.004091
0.005863
0.006021
0.003950
0.004440
0.006070
0.005361
0.005167
0.005950
0.004645
0.004827
0.004812
0.005244
0.005576
0.005375
0.004958
0.004581
0.004337
0.005354
0.004173
0.004652
0.005460
0.004397
0.004739
0.004624
0.004499
0.004824
0.004752
0.004573
0.004396
0.005329
0.004236
0.004511
0.005726
0.004459
0.004599
0.005104
0.007157
0.004028
0.005781
0.005139
0.004025
0.004000
0.006286
0.004459
0.004873
0.004631
0.005211
0.004793
0.006193
0.004027
0.004549
0.005155
0.005463
0.005183
0.004910
0.004358
0.003871
0.004932
0.004209
0.004477
0.006565
0.003726
0.005588
0.005482
0.005073
0.005389
0.005383
0.004059
0.005034
0.004688
0.005061
0.004822
0.005393
0.004303
0.003838
0.005622
0.005473
0.004585
0.004428
0.006407
0.003813
0.004249
0.005166
0.004135
0.003927
0.005848
0.004935
0.005375
0.004441
0.004455
0.004556
0.004266
0.005122
0.005444
0.004432
0.005953
0.005068
0.004238
0.005523
0.004489
0.003722
0.005821
0.005139
0.005923
0.005009
0.005433
0.005156
0.004360
0.006272
0.004546
0.005862
0.005395
0.005371
0.004727
0.004676
0.005763
0.003647
0.004454
0.003887
0.005143
0.005282
0.005861
0.004948
0.005116
0.005225
0.004919
0.006001
0.004758
0.003882
0.004617
0.004354
0.005533
0.004468
0.005851
0.004138
0.004582
0.004552
0.005206
0.005002
0.004005
0.004778
0.005937
0.005872
0.006645
0.005318
0.004463
0.004960
0.004197
0.005930
0.005331
0.004427
0.005491
0.005067
0.004755
0.005059
0.005452
0.004509
0.004766
0.005311
0.005936
0.004220
0.005228
0.004384
0.004431
0.004404
0.004253
0.005102
0.005076
0.003734
0.005371
0.005546
0.004391
0.005215
0.005736
0.005096
0.005019
0.004827
0.004630
0.005231
