0.002344
0.002266
0.002405
0.002079
0.003174
0.002756
0.002032
0.002270
0.002667
0.002149
0.001932
0.002268
0.002247
0.001817
0.002179
0.002148
0.002074
0.001841
0.002624
0.002384
0.002263
0.002599
0.001944
0.001899
0.002396
0.002084
0.001951
0.002366
0.002011
0.001795
0.001993
0.002219
0.002172
0.002345
0.002332
0.002397
0.003100
0.002208
0.002210
0.002349
0.002510
0.002632
0.002220
0.002192
0.002009
0.002472
0.002056
0.001835
0.002548
0.001540
0.002684
0.002611
0.002137
0.002258
0.001881
0.002423
0.002395
0.001977
0.002111
0.003410
0.001823
0.001850
0.002678
0.002238
0.002541
0.002180
0.002235
0.002052
0.002070
0.002429
0.002602
0.001916
0.002197
0.002045
0.002324
0.002126
0.001831
0.001347
0.002038
0.002634
0.002358
0.002284
0.001736
0.002082
0.002483
0.002265
0.001820
0.001816
0.002099
0.001968
0.003303
0.002569
0.002319
0.002366
0.002203
0.001824
0.002276
0.001947
0.002455
0.002205
0.002586
0.002102
0.001922
0.002802
0.002164
0.002096
0.002038
0.002188
0.001710
0.003126
0.001945
0.002094
0.003098
0.001755
0.002033
0.002787
0.002388
0.002333
0.002063
0.001684
0.002188
0.002070
0.003023
0.002698
0.002619
0.001572
0.002180
0.002517
0.002312
0.002123
0.002089
0.002022
0.001788
0.002027
0.002320
0.002124
0.001737
0.001976
0.001901
0.002452
0.002092
0.002007
0.002518
0.002191
0.001828
0.003014
0.001841
0.002238
0.002136
0.003650
0.002401
0.002197
0.001947
0.001829
0.001950
0.002084
0.002009
0.001775
0.002406
0.002242
0.002297
0.002280
0.002251
0.002447
0.002159
0.003515
0.001697
0.002747
0.002094
0.002712
0.002187
0.002315
0.002699
0.001977
0.002080
0.002389
0.001796
0.002255
0.001379
0.002148
0.002693
0.002783
0.002349
0.002015
0.002116
0.003009
0.001584
0.002171
0.002378
0.001912
0.002649
0.001563
0.002416
0.001729
0.001697
0.002463
0.002015
0.001942
0.003404
0.002153
0.001531
0.001778
0.002288
0.002480
0.002744
0.002014
0.002087
0.002160
0.001935
0.001800
0.002120
0.001908
0.002112
0.002226
0.002295
0.002266
0.001976
0.002421
0.001787
0.002287
0.003087
0.002192
0.002119
0.001716
0.001798
0.001993
0.002147
0.001681
0.002601
0.002313
0.001814
0.001784
0.002079
0.001554
0.002050
0.002007
0.003037
0.002286
0.002321
0.002134
0.002248
0.002064
0.002166
0.002170
0.001937
0.001878
0.002129
0.002441
0.001680
0.002453
0.002586
0.002045
0.002147
0.002064
0.002721
0.002093
0.002264
0.002509
0.002255
0.002798
0.001874
0.002027
0.001779
0.001744
0.001747
0.001997
0.002585
0.001879
0.001602
0.002356
0.002045
0.001774
0.002339
0.002521
0.001725
0.002056
0.002914
0.001805
0.002562
0.002194
0.002414
0.002460
0.002251
0.002201
0.001580
0.002014
0.002252
0.001862
0.002667
0.001779
0.002064
0.002558
0.002429
0.001896
0.002050
0.002138
0.002406
0.002125
0.003143
0.001859
0.002716
0.002221
0.002430
0.001759
0.002066
0.002259
0.002246
0.002195
0.001650
0.002504
0.001807
0.001993
0.002266
0.001690
0.002295
0.002472
0.002278
0.002362
0.002127
0.002287
0.002186
0.001738
0.002235
0.001937
0.002395
0.001858
0.001845
0.001615
0.002252
0.002305
0.002101
0.002123
0.002484
0.002104
0.001892
0.002645
0.001735
0.002043
0.002718
0.002332
0.002275
0.001932
0.002046
0.002025
0.002637
0.001784
0.002109
0.001657
0.002533
0.002420
0.002287
0.001715
0.001789
0.001952
0.002792
0.002165
0.002507
0.002598
0.002190
0.002687
0.002068
0.002650
0.002134
0.002619
0.001723
0.001806
0.002256
0.001948
0.002374
0.001852
0.001986
0.002090
0.001907
0.002168
0.002398
0.002429
0.002616
0.001583
0.002321
0.001388
0.002221
0.003168
0.002897
0.002113
0.002599
0.001869
0.001861
0.002132
0.002310
0.001685
0.002208
0.002829
0.001778
0.002254
0.002265
0.001822
0.002689
0.002173
0.002521
0.002362
0.001862
0.003275
0.002170
0.002281
0.002706
0.002027
0.002140
0.002020
0.002283
0.001949
0.002196
0.002071
0.002270
0.001433
0.003030
0.002077
0.002328
0.002286
0.002195
0.002431
0.002515
0.002349
0.002326
0.002213
0.002493
0.002200
0.002014
0.001835
0.003453
0.002455
0.002033
0.003389
0.002350
0.001577
0.002015
0.002280
0.002264
0.001425
0.002302
0.001898
0.001512
0.002460
0.002043
0.001938
0.001509
0.002445
0.002283
0.002417
0.001845
0.002157
0.001780
0.002123
0.002062
0.001898
0.002454
0.002182
0.002085
0.002108
0.001826
0.001958
0.001547
0.002183
0.002200
0.002782
0.002244
0.002146
0.001489
0.002294
0.002317
0.002111
0.002470
0.001868
0.002099
0.002265
0.002358
0.001381
0.001778
0.002273
0.001929
0.001549
0.002718
0.002305
0.002013
0.002102
0.002054
0.001481
0.002292
0.001991
0.002190
0.002539
0.002313
0.002358
0.001898
0.002191
0.001749
0.001984
0.002565
0.001848
0.001962
0.002470
0.007479
0.006617
0.006642
0.006358
0.006470
0.005059
0.006357
0.005702
0.008100
0.005876
0.006094
0.006359
0.006320
0.005896
0.005490
0.005533
0.006391
0.007152
0.005960
0.006050
0.007253
0.005349
0.005275
0.006045
0.004821
0.006521
0.006257
0.005125
0.005776
0.006032
0.006561
0.005806
0.006744
0.007386
0.006850
0.004788
0.006552
0.006410
0.005635
0.005519
0.006365
0.006054
0.005657
0.006236
0.005854
0.006919
0.006253
0.005353
0.005791
0.005750
0.006989
0.006286
0.005599
0.006470
0.005273
0.006528
0.005821
0.005831
0.005290
0.005498
0.006216
0.006478
0.004988
0.006230
0.005514
0.005865
0.006709
0.005818
0.006247
0.005634
0.006141
0.006027
0.005686
0.007549
0.007641
0.006464
0.005547
0.006012
0.005414
0.006663
0.005735
0.006429
0.006157
0.005721
0.006473
0.005291
0.005816
0.006347
0.006193
0.005698
0.005307
0.006019
0.005664
0.006336
0.005739
0.006409
0.007491
0.005295
0.005305
0.005752
0.006492
0.006498
0.005766
0.005948
0.005555
0.005978
0.005261
0.006545
0.005322
0.007576
0.006253
0.006261
0.005567
0.004737
0.006192
0.006821
0.005733
0.007382
0.006731
0.007213
0.005959
0.005920
0.007104
0.005976
0.006046
0.006425
0.006138
0.005804
0.005998
0.006172
0.005198
0.006817
0.006599
0.005264
0.006099
0.007518
0.005807
0.006601
0.006958
0.005831
0.005777
0.005455
0.006703
0.005439
0.005652
0.006721
0.006337
0.006500
0.006599
0.006259
0.006301
0.005436
0.005778
0.004948
0.006030
0.006566
0.005288
0.006487
0.006230
0.005979
0.005721
0.006441
0.006671
0.006695
0.006207
0.005851
0.006286
0.006171
0.006083
0.006758
0.005596
0.006396
0.006517
0.005562
0.006015
0.006145
0.006982
0.006380
0.005994
0.005347
0.005713
0.006057
0.006231
0.005306
0.006284
0.005077
0.008424
0.006248
0.005630
0.006488
0.006729
0.005858
0.006529
0.007100
0.005590
0.006432
0.005950
0.006042
0.006659
0.006002
0.005815
0.006765
0.007405
0.005723
0.006727
0.005546
0.006979
0.006730
0.006678
0.006034
0.005940
0.006202
0.006434
0.006188
0.006523
0.006312
0.005177
0.005094
0.006052
0.006298
0.005848
0.005583
0.006565
0.005097
0.005094
0.006162
0.006321
0.005236
0.005936
0.006242
0.006607
0.005491
0.006062
0.006545
0.005061
0.006226
0.006343
0.005427
0.005511
0.006239
0.006000
0.006036
0.006254
0.006311
0.005925
0.006904
0.004901
0.004986
0.005958
0.005871
0.006864
0.005983
0.005261
0.005603
0.005681
0.006280
0.005524
0.006065
0.005580
0.006075
0.005513
0.006100
0.006701
0.007231
0.004914
0.005437
0.006707
0.005326
0.006434
0.006472
0.005587
0.006174
0.006434
0.006070
0.006519
0.007288
0.005781
0.006128
0.006537
0.005218
0.005819
0.005766
0.005773
0.006167
0.006634
0.006188
0.006312
0.007291
0.006137
0.006557
0.006814
0.005572
0.005881
0.005724
0.006140
0.006664
0.006557
0.007199
0.006078
0.006199
0.005493
0.005762
0.005623
0.006704
0.006101
0.005710
0.005618
0.006269
0.005510
0.007215
0.006565
0.005029
0.005428
0.006316
0.005500
0.006874
0.005956
0.006056
0.005632
0.006098
0.005521
0.005076
0.006100
0.006581
0.004433
0.006913
0.005522
0.005694
0.005938
0.006232
0.005994
0.006186
0.006228
0.006788
0.006226
0.006339
0.005681
0.006793
0.006281
0.006305
0.006886
0.005677
0.006450
0.007085
0.006101
0.005771
0.007326
0.005177
0.005009
0.005647
0.006524
0.006236
0.005676
0.007040
0.005501
0.005604
0.006442
0.005883
0.006992
0.007591
0.005806
0.006875
0.006659
0.007029
0.005581
0.005508
0.006947
0.006038
0.006192
0.006936
0.008549
0.005753
0.006690
0.006527
0.005817
0.006807
0.006558
0.006792
0.006590
0.006279
0.006130
0.007006
0.006341
0.006655
0.006931
0.006529
0.006161
0.005632
0.006741
0.006176
0.005917
0.005621
0.006220
0.005263
0.006764
0.005420
0.006508
0.006214
0.005987
0.005019
0.006268
0.006123
0.005404
0.006543
0.005444
0.005066
0.006344
0.006344
0.006257
0.007823
0.007481
0.005626
0.005607
0.006584
0.006614
0.005973
0.005613
0.005649
0.005418
0.006871
0.006150
0.005325
0.006070
0.006527
0.004598
0.005770
0.006702
0.006152
0.006928
0.006824
0.005643
0.006120
0.007200
0.006118
0.007050
0.006645
0.005141
0.005973
0.006669
0.005779
0.006511
0.007068
0.005518
0.005703
0.006472
0.006316
0.005895
0.006659
0.005867
0.005646
0.005485
0.006394
0.006335
0.005334
0.006393
0.005779
0.005795
0.005427
0.004871
0.006165
0.006828
0.007402
0.005836
0.006436
0.006069
0.006122
0.005800
0.005750
0.006116
0.005884
0.006258
0.005156
0.006263
0.007596
0.006329
0.005780
0.006434
0.006411
0.003174
0.007278
0.006932
0.005678
0.005104
0.006670
0.007017
0.006298
0.004959
0.005868
0.006110
0.006908
0.005777
0.006872
0.006464
0.006508
0.006667
0.006240
0.005665
0.007554
0.006192
0.006258
