0.001477
0.001449
0.001816
0.001205
0.001502
0.001145
0.001219
0.002766
0.001456
0.003295
0.001212
0.001436
0.002026
0.001496
0.001204
0.002099
0.002449
0.001117
0.002533
0.001199
0.001596
0.001701
0.001715
0.001336
0.001582
0.001755
0.001592
0.001692
0.001604
0.001814
0.001465
0.003188
0.001477
0.001170
0.001663
0.001790
0.001190
0.001488
0.001229
0.001499
0.001457
0.001491
0.001853
0.001133
0.001483
0.001251
0.001495
0.001439
0.001792
0.001970
0.001616
0.001776
0.001225
0.002481
0.001904
0.001175
0.001981
0.003582
0.001971
0.001524
0.002802
0.001156
0.001916
0.002095
0.001517
0.001474
0.002582
0.001752
0.001415
0.002239
0.001490
0.001582
0.001572
0.001454
0.001982
0.002614
0.001882
0.001499
0.001538
0.002184
0.002130
0.001517
0.001835
0.001145
0.001697
0.002607
0.001520
0.001164
0.001584
0.001449
0.001484
0.001482
0.001193
0.001510
0.001217
0.002393
0.001248
0.001155
0.001559
0.002241
0.001363
0.001450
0.001538
0.001929
0.001568
0.001826
0.001619
0.001453
0.001557
0.001760
0.001568
0.001523
0.001456
0.001456
0.001452
0.002686
0.001275
0.001242
0.001945
0.001522
0.001733
0.001602
0.001837
0.001452
0.002071
0.001814
0.001565
0.001991
0.001726
0.001436
0.001526
0.001737
0.001235
0.002498
0.002155
0.001948
0.001476
0.002440
0.001144
0.001826
0.002349
0.001463
0.001457
0.001577
0.001478
0.001666
0.001948
0.001971
0.002534
0.001925
0.001458
0.001443
0.002499
0.001763
0.001546
0.001424
0.001503
0.001147
0.001902
0.001740
0.001193
0.001559
0.001423
0.001144
0.002666
0.001745
0.001495
0.001434
0.002040
0.001830
0.001170
0.001445
0.001494
0.001413
0.003157
0.001736
0.002457
0.002000
0.001866
0.001412
0.002121
0.001868
0.001719
0.002014
0.001945
0.001496
0.002094
0.001285
0.001371
0.002187
0.001451
0.002483
0.001784
0.001518
0.001172
0.001903
0.001131
0.001445
0.001871
0.002001
0.001462
0.002490
0.001548
0.001475
0.001468
0.002335
0.001427
0.001532
0.001888
0.001409
0.001429
0.001662
0.001511
0.001188
0.001394
0.002664
0.001433
0.001245
0.001561
0.002091
0.001215
0.001458
0.002262
0.001205
0.001619
0.001781
0.001427
0.001538
0.002636
0.002047
0.002294
0.001481
0.002298
0.002019
0.002052
0.001755
0.002937
0.002455
0.001485
0.001996
0.002309
0.001437
0.001690
0.001481
0.001450
0.001692
0.001676
0.001443
0.001421
0.002202
0.001534
0.001463
0.001538
0.001291
0.001455
0.001575
0.001286
0.001701
0.001446
0.001446
0.001475
0.001544
0.001511
0.001538
0.001523
0.002028
0.001730
0.001620
0.001614
0.001524
0.001729
0.001637
0.001133
0.001633
0.002387
0.001294
0.001789
0.001439
0.001251
0.001518
0.001453
0.001433
0.001678
0.001251
0.001990
0.001185
0.001215
0.001418
0.001533
0.001512
0.001485
0.001442
0.001183
0.001572
0.001430
0.001976
0.001452
0.001128
0.001699
0.001425
0.001872
0.001356
0.001198
0.001455
0.001239
0.001283
0.002380
0.001942
0.001506
0.001225
0.001606
0.001758
0.001419
0.001742
0.002045
0.001480
0.001487
0.001621
0.002004
0.001743
0.001550
0.001105
0.001579
0.001921
0.002407
0.001272
0.001769
0.001494
0.002159
0.001438
0.001459
0.001725
0.001439
0.001604
0.001559
0.001228
0.001537
0.001612
0.001475
0.001475
0.001445
0.002422
0.001776
0.001488
0.001702
0.001885
0.001261
0.001578
0.002279
0.002429
0.001693
0.002416
0.001405
0.001700
0.002474
0.002366
0.001324
0.001661
0.001717
0.001229
0.001830
0.001754
0.001332
0.002010
0.002426
0.001439
0.002068
0.002614
0.002469
0.002469
0.002350
0.002344
0.002824
0.002186
0.001476
0.001881
0.001538
0.001300
0.001531
0.001809
0.001232
0.001482
0.001233
0.001193
0.002415
0.001329
0.001759
0.002732
0.001534
0.001318
0.001455
0.001479
0.002128
0.001226
0.001471
0.001457
0.001182
0.001489
0.001474
0.001472
0.002412
0.001542
0.001439
0.001237
0.001869
0.001445
0.002435
0.001553
0.002736
0.001467
0.001502
0.001624
0.001401
0.001282
0.001617
0.001727
0.001201
0.001875
0.001449
0.001710
0.001443
0.002084
0.001539
0.001668
0.001717
0.001280
0.001218
0.001827
0.001961
0.001233
0.001554
0.001727
0.001493
0.001520
0.001797
0.001202
0.001144
0.001478
0.001191
0.001205
0.002001
0.001541
0.001161
0.001229
0.002024
0.001170
0.001641
0.001602
0.001698
0.001430
0.001506
0.001182
0.001495
0.001823
0.001472
0.001466
0.001830
0.001644
0.001210
0.001197
0.001666
0.001160
0.001968
0.001205
0.001131
0.001948
0.001247
0.001751
0.001476
0.001475
0.001458
0.001862
0.001923
0.001469
0.001795
0.001485
0.001437
0.001751
0.002082
0.001198
0.001478
0.002007
0.001208
0.002514
0.001502
0.002199
0.001177
0.001179
0.001583
0.001651
0.001953
0.001562
0.001504
0.001439
0.001484
0.001289
0.001453
0.001518
0.001549
0.003219
0.004092
0.005416
0.004433
0.003656
0.004761
0.004597
0.004621
0.004760
0.003806
0.005160
0.004848
0.004779
0.004286
0.005234
0.005483
0.004241
0.004922
0.004620
0.004114
0.005087
0.004094
0.005255
0.004809
0.004031
0.004920
0.005128
0.005308
0.005112
0.004843
0.005122
0.004771
0.003874
0.005218
0.005520
0.004486
0.004943
0.005350
0.004471
0.005278
0.003993
0.004434
0.005171
0.004152
0.004295
0.004799
0.006149
0.004669
0.004647
0.006148
0.004566
0.006329
0.004428
0.005069
0.004775
0.005925
0.003495
0.004537
0.004405
0.004533
0.003901
0.004900
0.005090
0.004155
0.004610
0.003975
0.003641
0.004625
0.004629
0.005195
0.004770
0.004675
0.004327
0.003835
0.005601
0.004655
0.004553
0.004537
0.003803
0.003812
0.004399
0.004660
0.005117
0.004575
0.004837
0.005065
0.003956
0.004430
0.005790
0.005359
0.004561
0.004934
0.004800
0.004891
0.003842
0.005728
0.004895
0.004173
0.005081
0.004786
0.005879
0.004417
0.004775
0.004754
0.005417
0.004504
0.005327
0.004021
0.002422
0.003357
0.004459
0.004581
0.005066
0.004430
0.003928
0.005629
0.004362
0.004627
0.003929
0.005713
0.004719
0.005197
0.004647
0.005344
0.004565
0.004383
0.005220
0.004884
0.004746
0.003779
0.005364
0.004614
0.004899
0.004410
0.004439
0.003667
0.005554
0.004646
0.005228
0.004872
0.004400
0.005397
0.004990
0.003579
0.004600
0.004490
0.004727
0.004938
0.004805
0.004767
0.004695
0.004355
0.004348
0.004862
0.005632
0.004433
0.003815
0.003893
0.004967
0.003969
0.004980
0.004986
0.006119
0.005529
0.004666
0.004351
0.004661
0.003810
0.004838
0.005915
0.004692
0.004657
0.004073
0.004041
0.004887
0.005688
0.005314
0.004864
0.005312
0.004843
0.004064
0.004640
0.003961
0.004615
0.004646
0.005692
0.004872
0.005634
0.004783
0.004540
0.004390
0.005612
0.004637
0.004827
0.004580
0.004805
0.004670
0.004662
0.004867
0.004416
0.006414
0.005107
0.004179
0.004718
0.003799
0.004790
0.004152
0.005214
0.005551
0.003890
0.003666
0.005010
0.004640
0.004331
0.004422
0.004882
0.005571
0.004816
0.004441
0.004456
0.005294
0.003981
0.004011
0.005613
0.004245
0.004376
0.005097
0.005113
0.004408
0.005193
0.005990
0.004613
0.004844
0.004638
0.004878
0.004157
0.005038
0.004690
0.004765
0.004413
0.005241
0.004726
0.004677
0.004971
0.004897
0.004893
0.004487
0.005580
0.004221
0.004216
0.004743
0.003957
0.004869
0.005591
0.004741
0.004881
0.005754
0.005024
0.006218
0.004978
0.005022
0.004988
0.004644
0.006282
0.005760
0.005246
0.004750
0.004713
0.005053
0.004016
0.004620
0.005341
0.006220
0.004836
0.004912
0.004067
0.005396
0.004895
0.004639
0.004082
0.004664
0.004468
0.005363
0.004391
0.005804
0.004890
0.004114
0.004985
0.004741
0.004580
0.004659
0.004493
0.004443
0.003558
0.003637
0.005059
0.005826
0.004871
0.004674
0.004967
0.004738
0.004086
0.004353
0.003619
0.005340
0.004807
0.004418
0.004384
0.004405
0.004588
0.004648
0.004663
0.004674
0.004285
0.003681
0.003564
0.005406
0.005319
0.004610
0.004627
0.004741
0.004981
0.004722
0.004066
0.004701
0.004176
0.005836
0.004610
0.005006
0.004839
0.004725
0.004640
0.005232
0.004734
0.004608
0.003597
0.004406
0.004628
0.004917
0.004640
0.003981
0.003577
0.005152
0.004017
0.004771
0.004024
0.005159
0.004671
0.004839
0.004145
0.004958
0.005210
0.004055
0.004945
0.004693
0.004459
0.004747
0.004832
0.004169
0.003873
0.004042
0.005584
0.005540
0.003841
0.005411
0.004634
0.003992
0.004664
0.004816
0.005090
0.004969
0.005590
0.005766
0.004060
0.006360
0.005822
0.005365
0.004594
0.004772
0.004468
0.005469
0.005477
0.004294
0.004502
0.004709
0.005133
0.005260
0.004689
0.004479
0.003767
0.004171
0.004812
0.005705
0.004436
0.004646
0.004357
0.004599
0.004879
0.004662
0.004578
0.004451
0.004005
0.005759
0.005738
0.004948
0.005098
0.004278
0.005931
0.004707
0.004757
0.004642
0.004979
0.005887
0.004431
0.004223
0.003757
0.004769
0.004688
0.005935
0.004476
0.004817
0.004747
0.004232
0.004994
0.005409
0.004813
0.004305
0.005423
0.004078
0.004445
0.004914
0.004756
0.004472
0.003897
0.004207
0.004823
0.004776
0.004754
0.004143
0.005545
0.004525
0.004784
0.004193
0.004638
0.004088
0.004252
0.004612
0.004921
0.004805
0.004488
0.005265
0.004865
0.005544
0.004704
0.004586
0.004122
0.005166
0.004554
0.004008
0.005289
0.004354
0.003559
0.004898
0.004708
0.004906
0.004386
0.004673
0.005421
0.005085
0.004518
0.004590
0.004364
0.003629
0.003845
0.004521
0.004906
0.004796
0.004891
0.005313
0.004661
0.004254
0.005471
0.004856
0.003953
0.004466
0.003968
0.005359
0.005130
0.004499
0.003857
0.005392
0.004116
0.004381
0.004121
0.005309
0.005027
0.005322
0.004268
0.004233
0.004471
0.004470
