0.000536
0.000771
0.000740
0.000745
0.000680
0.000682
0.000648
0.000571
0.000684
0.000606
0.000607
0.000666
0.000722
0.000593
0.001516
0.000675
0.000733
0.000563
0.000589
0.000749
0.000631
0.001104
0.000584
0.000625
0.000701
0.000711
0.000688
0.000617
0.000958
0.000687
0.000728
0.000664
0.000707
0.000616
0.000906
0.000763
0.000701
0.000568
0.000671
0.000702
0.000710
0.000700
0.000631
0.000695
0.000713
0.000626
0.000519
0.000668
0.000911
0.000637
0.000568
0.000823
0.000718
0.000690
0.000761
0.000650
0.000636
0.000791
0.000652
0.000678
0.000684
0.000893
0.000706
0.000574
0.000613
0.000662
0.000641
0.001852
0.000731
0.000666
0.000524
0.000593
0.000634
0.000731
0.000645
0.000637
0.000694
0.000658
0.000783
0.000589
0.000813
0.000656
0.000542
0.000676
0.000731
0.000629
0.000514
0.000560
0.000648
0.000630
0.001452
0.000826
0.000635
0.000737
0.000589
0.000673
0.000505
0.000632
0.000676
0.000521
0.000637
0.000724
0.000594
0.000719
0.000654
0.000616
0.000542
0.000676
0.000646
0.000721
0.000544
0.000627
0.000696
0.000604
0.000595
0.000761
0.000684
0.000702
0.000514
0.000937
0.000566
0.000611
0.000757
0.000638
0.000569
0.000959
0.000616
0.000653
0.000607
0.000684
0.000672
0.000698
0.000736
0.000908
0.000540
0.001463
0.000643
0.000498
0.000606
0.000663
0.000931
0.000921
0.000639
0.000529
0.000712
0.000643
0.000752
0.000984
0.000697
0.000659
0.000527
0.000605
0.000670
0.000713
0.000688
0.000651
0.000641
0.001993
0.000688
0.000659
0.000703
0.000687
0.000608
0.000780
0.000763
0.000638
0.000624
0.000685
0.000660
0.000772
0.000793
0.000759
0.000641
0.000777
0.000653
0.000711
0.000769
0.002003
0.000660
0.000571
0.000641
0.000618
0.000645
0.000496
0.001606
0.000588
0.000730
0.000609
0.000584
0.000691
0.001460
0.000623
0.000601
0.000728
0.000684
0.000730
0.000649
0.000755
0.000738
0.000620
0.001858
0.000604
0.000704
0.001900
0.000691
0.000736
0.000594
0.000709
0.000772
0.000659
0.000748
0.000725
0.000692
0.001040
0.000719
0.000640
0.000634
0.000619
0.000581
0.000522
0.000670
0.000708
0.000675
0.001496
0.000726
0.000665
0.000756
0.000609
0.000748
0.000913
0.000735
0.000588
0.000950
0.000583
0.000686
0.000483
0.001553
0.000585
0.000695
0.000917
0.000624
0.000955
0.000636
0.000722
0.000639
0.000718
0.000630
0.000663
0.000668
0.000958
0.000652
0.000559
0.000930
0.000727
0.000694
0.000635
0.000612
0.000693
0.000761
0.000688
0.000669
0.000763
0.000700
0.000663
0.000640
0.000627
0.000713
0.000551
0.001526
0.000563
0.000641
0.000938
0.000673
0.000654
0.000555
0.001384
0.000655
0.000869
0.000673
0.000616
0.000929
0.000697
0.000655
0.000673
0.000653
0.000619
0.000764
0.000888
0.000622
0.000813
0.000643
0.000691
0.000517
0.001528
0.000609
0.000623
0.000855
0.000764
0.000634
0.000672
0.000739
0.000632
0.000869
0.000656
0.000622
0.000836
0.000944
0.000659
0.000722
0.000605
0.000661
0.000570
0.000732
0.000612
0.000733
0.000925
0.000599
0.000626
0.000621
0.000610
0.000619
0.000591
0.000720
0.000651
0.000594
0.000705
0.000577
0.000676
0.000623
0.001881
0.000715
0.000713
0.001757
0.000644
0.000719
0.000764
0.001750
0.000577
0.000565
0.000721
0.000631
0.001061
0.000638
0.000653
0.000713
0.000700
0.000726
0.000688
0.001526
0.000616
0.000754
0.000738
0.000683
0.000615
0.000617
0.000763
0.000639
0.000494
0.000700
0.000929
0.000738
0.000723
0.000660
0.000695
0.000670
0.001810
0.000704
0.000734
0.000915
0.000601
0.000721
0.000580
0.000618
0.000675
0.000517
0.000571
0.000679
0.000555
0.000735
0.000568
0.000659
0.000957
0.000680
0.000563
0.001186
0.000713
0.000636
0.000700
0.000942
0.000655
0.000943
0.000682
0.000569
0.000520
0.001249
0.000671
0.000672
0.001321
0.000719
0.000589
0.000619
0.000657
0.000598
0.000645
0.000931
0.000716
0.000752
0.000857
0.000738
0.000620
0.000776
0.000730
0.000646
0.000722
0.000818
0.000698
0.000714
0.001018
0.000743
0.000804
0.000620
0.001079
0.000964
0.000646
0.000570
0.000749
0.000607
0.000694
0.000831
0.000717
0.000775
0.000825
0.000779
0.000760
0.000672
0.000743
0.000683
0.000636
0.001024
0.000711
0.000734
0.000699
0.000721
0.000622
0.000723
0.000525
0.000754
0.000662
0.001586
0.000594
0.000535
0.001313
0.000634
0.000637
0.000706
0.000740
0.000775
0.000717
0.000710
0.000726
0.000710
0.000736
0.000690
0.000626
0.000655
0.000878
0.000633
0.000642
0.001074
0.002002
0.000599
0.000665
0.000784
0.000708
0.000636
0.000637
0.000942
0.000699
0.000681
0.002046
0.000594
0.000648
0.000806
0.000727
0.000687
0.001731
0.000627
0.001083
0.000758
0.000729
0.000688
0.000724
0.000840
0.000629
0.000669
0.001081
0.000600
0.000617
0.001496
0.000697
