0.000544
0.000864
0.000847
0.000648
0.000586
0.001661
0.000539
0.000631
0.000819
0.000648
0.000604
0.001012
0.000611
0.000545
0.000598
0.000783
0.000539
0.000570
0.000565
0.001107
0.000550
0.000616
0.000592
0.000562
0.000647
0.001592
0.000564
0.000609
0.000583
0.000560
0.000534
0.000622
0.001364
0.000507
0.000573
0.000567
0.000880
0.000464
0.000701
0.000576
0.000884
0.000570
0.000821
0.000559
0.000639
0.000899
0.000605
0.000698
0.000525
0.000572
0.000535
0.001480
0.000748
0.000567
0.000535
0.000572
0.000566
0.000840
0.000680
0.000598
0.000533
0.000673
0.000835
0.000515
0.000638
0.000543
0.000695
0.001111
0.000715
0.000585
0.000774
0.000745
0.001238
0.000628
0.000545
0.000519
0.000737
0.000565
0.000795
0.000730
0.001067
0.000614
0.001077
0.000690
0.000892
0.000707
0.000724
0.000896
0.001015
0.000745
0.000700
0.001094
0.000627
0.000722
0.000737
0.000599
0.000757
0.000958
0.000659
0.000674
0.000763
0.000556
0.000581
0.000754
0.000726
0.001090
0.000713
0.001704
0.000572
0.000612
0.001032
0.000581
0.000556
0.000757
0.000563
0.000716
0.001812
0.000697
0.000738
0.001442
0.000603
0.000602
0.001661
0.001790
0.000577
0.000727
0.001013
0.000713
0.000728
0.001550
0.000584
0.000808
0.000885
0.001616
0.000767
0.000885
0.000613
0.000745
0.001790
0.000649
0.000767
0.000695
0.000631
0.000710
0.000661
0.001849
0.000626
0.000728
0.001687
0.000587
0.000777
0.001704
0.000562
0.000757
0.001809
0.001100
0.000587
0.000981
0.000568
0.000677
0.000732
0.000627
0.000566
0.000715
0.000571
0.000698
0.000716
0.000963
0.000572
0.000577
0.001053
0.000530
0.000761
0.000754
0.000872
0.000673
0.000776
0.000678
0.000601
0.000597
0.000851
0.000749
0.000701
0.000734
0.000567
0.000553
0.000754
0.000645
0.000750
0.000687
0.000605
0.000555
0.000683
0.001807
0.000751
0.000723
0.000706
0.000614
0.000759
0.000778
0.000757
0.000564
0.000734
0.000620
0.000561
0.000706
0.001320
0.000598
0.000783
0.000552
0.000607
0.000730
0.000930
0.000569
0.000557
0.000746
0.000571
0.000589
0.000711
0.000548
0.000555
0.000591
0.000708
0.000940
0.001077
0.000684
0.001241
0.000719
0.000697
0.000597
0.000965
0.000805
0.000696
0.001223
0.001074
0.000847
0.000639
0.000677
0.001430
0.000589
0.000599
0.000739
0.000556
0.000722
0.000708
0.000619
0.000707
0.000720
0.000718
0.001279
0.001101
0.000629
0.000557
0.000728
0.000533
0.000732
0.000720
0.000643
0.000597
0.001407
0.001005
0.000606
0.000755
0.000580
0.000579
0.000704
0.000689
0.000713
0.000718
0.000790
0.000754
0.000594
0.000719
0.000506
0.000746
0.000974
0.001262
0.000595
0.001063
0.001004
0.000628
0.000761
0.000889
0.000592
0.000710
0.000774
0.000632
0.001091
0.001100
0.000589
0.001580
0.000799
0.000836
0.000738
0.000601
0.001074
0.001011
0.000698
0.000739
0.000548
0.000570
0.000770
0.001095
0.001088
0.000737
0.000524
0.000530
0.000805
0.001386
0.000572
0.000583
0.000722
0.000591
0.000724
0.001078
0.000596
0.000793
0.001270
0.000583
0.000511
0.000689
0.001588
0.000688
0.000642
0.000996
0.000600
0.000682
0.000672
0.000588
0.000700
0.000797
0.000726
0.000619
0.000834
0.000878
0.000560
0.000638
0.000952
0.000601
0.000540
0.000675
0.000536
0.000567
0.000805
0.001341
0.000763
0.000748
0.001838
0.000597
0.000739
0.001043
0.000584
0.000746
0.000770
0.000871
0.000611
0.000756
0.000948
0.000554
0.000716
0.000568
0.000535
0.000569
0.001579
0.000617
0.000568
0.000725
0.000892
0.000657
0.000750
0.002023
0.000557
0.000538
0.000571
0.001453
0.000578
0.000565
0.001044
0.000664
0.000747
0.000825
0.000682
0.000543
0.000858
0.001034
0.000555
0.000767
0.001044
0.001105
0.000724
0.001855
0.000578
0.000766
0.001748
0.000649
0.000670
0.000779
0.000619
0.001990
0.000690
0.000697
0.000729
0.000713
0.000718
0.000717
0.000766
0.000768
0.000598
0.000575
0.000660
0.001576
0.000613
0.000773
0.000674
0.000810
0.001980
0.000687
0.000591
0.000586
0.000722
0.000760
0.000603
0.000595
0.000743
0.000703
0.000761
0.000992
0.000611
0.001068
0.000767
0.000908
0.000676
0.000628
0.000701
0.001813
0.000573
0.000769
0.000733
0.000639
0.000627
0.000901
0.001862
0.000552
0.000784
0.000629
0.001089
0.000705
0.000894
0.001108
0.000600
0.001130
0.000585
0.000679
0.000735
0.000756
0.000603
0.000821
0.001745
0.000635
0.000582
0.000952
0.001062
0.000674
0.000763
0.000563
0.000742
0.000989
0.001258
0.000760
0.000739
0.000749
0.000635
0.000704
0.000589
0.000588
0.001090
0.001099
0.000555
0.000751
0.000806
0.000606
0.000592
0.000744
0.000603
0.000579
0.000718
0.001091
0.000597
0.000672
0.000765
0.000558
0.000720
0.000915
0.000568
0.000707
0.001072
0.000585
0.000581
0.000695
0.001658
