0.001466
0.001525
0.000942
0.000467
0.001721
0.000709
0.000909
0.000706
0.000539
0.000513
0.001272
0.000951
0.000561
0.001232
0.000621
0.001515
0.000659
0.000448
0.000579
0.000700
0.000837
0.001547
0.000721
0.001276
0.000736
0.001554
0.000494
0.001232
0.000504
0.000479
0.001000
0.000589
0.000526
0.000725
0.001511
0.000453
0.001312
0.000710
0.000729
0.000502
0.000762
0.000735
0.000589
0.000701
0.000728
0.000477
0.000775
0.000951
0.001429
0.000600
0.000503
0.001373
0.000565
0.001540
0.000493
0.001734
0.001223
0.000928
0.001686
0.000535
0.000730
0.001079
0.000528
0.000571
0.000940
0.001078
0.000677
0.000727
0.000483
0.000486
0.000698
0.000643
0.000473
0.000555
0.000675
0.001528
0.000529
0.001412
0.000759
0.000557
0.001442
0.000493
0.000555
0.000529
0.000528
0.001381
0.000771
0.000710
0.000815
0.000725
0.002174
0.001386
0.000474
0.000629
0.000522
0.000492
0.000586
0.000517
0.001043
0.001454
0.000670
0.000711
0.000481
0.000571
0.001336
0.000697
0.001368
0.002249
0.001367
0.000696
0.000489
0.000910
0.000889
0.000708
0.001556
0.000550
0.001053
0.000718
0.000577
0.000534
0.000734
0.000515
0.001529
0.000625
0.000943
0.000738
0.000450
0.000771
0.000742
0.001214
0.000613
0.000702
0.000483
0.000730
0.001272
0.000935
0.001425
0.000726
0.001546
0.001374
0.000471
0.000522
0.000754
0.000503
0.000704
0.001501
0.001556
0.000943
0.000700
0.000512
0.000536
0.000701
0.001550
0.001536
0.000733
0.000489
0.000488
0.000523
0.001532
0.001370
0.000514
0.001988
0.000721
0.001250
0.000634
0.000942
0.000708
0.000520
0.001515
0.001560
0.000442
0.000502
0.001525
0.000945
0.000985
0.002234
0.000451
0.000853
0.000528
0.000729
0.001508
0.001490
0.000532
0.000730
0.000531
0.001077
0.000536
0.000515
0.000852
0.000697
0.000701
0.002277
0.000506
0.000711
0.000871
0.001041
0.000538
0.000518
0.001350
0.000953
0.000707
0.000714
0.000589
0.000708
0.000477
0.000561
0.001014
0.000702
0.000478
0.000479
0.001093
0.000704
0.000514
0.000946
0.000467
0.000446
0.000912
0.000499
0.000612
0.000714
0.000705
0.000825
0.000542
0.000583
0.001297
0.000476
0.002324
0.000546
0.000462
0.001315
0.000480
0.001538
0.000693
0.000506
0.000486
0.000990
0.001216
0.000528
0.000938
0.001694
0.000552
0.001241
0.000527
0.000726
0.000544
0.000739
0.001811
0.000443
0.000960
0.001512
0.000769
0.000533
0.000474
0.001032
0.000558
0.001371
0.001459
0.000483
0.000538
0.000890
0.000715
0.000969
0.001021
0.000712
0.002389
0.001332
0.000943
0.000670
0.001902
0.000528
0.000559
0.000710
0.001397
0.000775
0.000908
0.001513
0.000560
0.000503
0.001458
0.001530
0.001498
0.001001
0.000597
0.001550
0.000528
0.000481
0.000930
0.001569
0.001173
0.000673
0.000448
0.001025
0.000491
0.000538
0.000502
0.001420
0.000615
0.000551
0.000622
0.000524
0.000752
0.001340
0.000751
0.000559
0.000953
0.000504
0.000632
0.001329
0.001425
0.001503
0.001495
0.000493
0.000570
0.000703
0.000525
0.001530
0.001523
0.001923
0.000545
0.001526
0.001240
0.000706
0.000560
0.000904
0.000839
0.000953
0.000705
0.000705
0.000557
0.000704
0.000702
0.000504
0.001107
0.000739
0.000471
0.001334
0.000719
0.000542
0.000473
0.001352
0.000488
0.001131
0.001540
0.001612
0.000738
0.000742
0.001459
0.000573
0.000704
0.002034
0.000570
0.001493
0.001072
0.000459
0.001236
0.000536
0.000592
0.000736
0.000702
0.001351
0.000540
0.001518
0.000546
0.000749
0.001942
0.000487
0.000725
0.000706
0.000477
0.001704
0.002013
0.001490
0.000487
0.000971
0.000509
0.000547
0.000960
0.000874
0.000626
0.001295
0.000520
0.000742
0.000940
0.000545
0.000710
0.000707
0.000700
0.000704
0.000517
0.000810
0.001015
0.000530
0.001042
0.000728
0.000735
0.000464
0.001197
0.000634
0.001457
0.000525
0.001382
0.000723
0.001638
0.000481
0.000471
0.001396
0.000469
0.000503
0.001081
0.001472
0.000542
0.000940
0.000509
0.000605
0.001722
0.000949
0.000878
0.000687
0.000739
0.000713
0.000540
0.000722
0.000712
0.000525
0.000702
0.000707
0.000463
0.000548
0.000694
0.001504
0.000512
0.000944
0.000495
0.000532
0.000556
0.001501
0.001437
0.000600
0.000527
0.001493
0.001552
0.001090
0.001668
0.000555
0.000705
0.000473
0.000566
0.001367
0.000698
0.000489
0.000534
0.000516
0.000464
0.000731
0.001245
0.000727
0.000513
0.000739
0.000527
0.000721
0.000540
0.000533
0.000733
0.000500
0.000938
0.001497
0.001591
0.000702
0.000501
0.000522
0.001341
0.000511
0.000462
0.000567
0.001466
0.000586
0.000633
0.000668
0.000559
0.000552
0.000699
0.000941
0.000587
0.000538
0.000728
0.000584
0.000695
0.001044
0.001577
0.000513
0.000681
0.001243
0.000542
0.000611
0.000600
0.000522
0.000721
0.000982
0.000594
0.000672
