0.000619
0.000493
0.000641
0.000679
0.001404
0.000500
0.000497
0.000633
0.000493
0.000687
0.000555
0.000509
0.000477
0.000439
0.001319
0.000632
0.000498
0.001252
0.000529
0.000636
0.000427
0.000503
0.000531
0.001754
0.000650
0.000438
0.000526
0.000641
0.000485
0.001206
0.001251
0.000458
0.000483
0.000631
0.000640
0.000547
0.000506
0.000564
0.000461
0.000492
0.000445
0.000515
0.001380
0.000513
0.000473
0.000586
0.000537
0.000478
0.000516
0.001251
0.000653
0.000650
0.001610
0.000483
0.000492
0.000447
0.000689
0.000509
0.000480
0.001071
0.000460
0.000439
0.000596
0.000630
0.000528
0.000612
0.000498
0.000521
0.000503
0.000521
0.000460
0.000537
0.000620
0.000641
0.000436
0.000539
0.000624
0.000492
0.000517
0.000638
0.000631
0.000697
0.000636
0.000676
0.000552
0.000538
0.000494
0.000571
0.000502
0.000552
0.000758
0.000455
0.000473
0.000723
0.000477
0.000514
0.000503
0.000614
0.000443
0.000536
0.001861
0.000645
0.000478
0.000434
0.000501
0.000474
0.000484
0.000535
0.000443
0.000553
0.000502
0.000493
0.000582
0.000492
0.000477
0.000500
0.000509
0.000460
0.000457
0.000456
0.000481
0.000478
0.000637
0.000673
0.001299
0.000480
0.000474
0.000475
0.000548
0.000503
0.000527
0.000667
0.000670
0.000484
0.000645
0.000659
0.000470
0.001201
0.000618
0.000451
0.002013
0.000484
0.000518
0.000630
0.000502
0.000439
0.000444
0.001159
0.000505
0.000453
0.000615
0.000530
0.000486
0.000802
0.000489
0.000517
0.000562
0.000471
0.000666
0.000453
0.000502
0.000505
0.000510
0.000461
0.000572
0.000480
0.000529
0.000583
0.000466
0.000503
0.000524
0.001072
0.000504
0.000487
0.000646
0.000465
0.000520
0.000510
0.000574
0.000463
0.000599
0.000410
0.000683
0.000499
0.001032
0.000485
0.000682
0.000616
0.000461
0.000527
0.000529
0.000487
0.000457
0.000633
0.000468
0.000463
0.000558
0.000528
0.000517
0.000463
0.000498
0.000480
0.000507
0.001352
0.000557
0.000627
0.000603
0.000533
0.000680
0.000465
0.000546
0.001407
0.001029
0.000453
0.000455
0.001306
0.000686
0.000503
0.000524
0.000526
0.000547
0.001402
0.000508
0.000655
0.000625
0.000436
0.000456
0.000550
0.000450
0.000688
0.000561
0.000448
0.000556
0.000528
0.002301
0.000536
0.000558
0.000681
0.001047
0.000478
0.000811
0.000490
0.000497
0.000651
0.000501
0.000644
0.000655
0.001196
0.000559
0.001359
0.000541
0.001715
0.000538
0.000457
0.000492
0.000528
0.000490
0.000546
0.000527
0.000496
0.000528
0.000481
0.001062
0.000455
0.000630
0.000870
0.000509
0.000512
0.000478
0.000461
0.000442
0.000469
0.000627
0.000539
0.000632
0.001020
0.000436
0.000839
0.000480
0.000491
0.000661
0.000844
0.000482
0.000488
0.000645
0.000533
0.000568
0.000629
0.000644
0.000656
0.000521
0.000507
0.000497
0.000523
0.000469
0.000589
0.000438
0.001097
0.000528
0.000540
0.000525
0.001657
0.000955
0.000513
0.000486
0.000501
0.000515
0.001460
0.000547
0.000440
0.000634
0.000603
0.001033
0.000504
0.001365
0.001035
0.000544
0.000521
0.000451
0.000440
0.000523
0.000455
0.000686
0.000485
0.000579
0.000508
0.000459
0.001304
0.000469
0.000869
0.000625
0.000500
0.000495
0.000612
0.000513
0.000650
0.000658
0.000463
0.000456
0.000678
0.000499
0.000550
0.000834
0.000514
0.000581
0.000492
0.000572
0.000510
0.000604
0.000483
0.000535
0.000584
0.000545
0.000676
0.001310
0.000504
0.001043
0.000510
0.000830
0.000510
0.000565
0.000455
0.001664
0.000560
0.000631
0.000666
0.000531
0.000475
0.000504
0.000913
0.000518
0.000966
0.001511
0.000540
0.001351
0.001357
0.000888
0.000514
0.000444
0.000698
0.000511
0.000459
0.000737
0.000439
0.001439
0.000516
0.000570
0.000451
0.000645
0.000617
0.000477
0.000530
0.000491
0.000452
0.000792
0.000581
0.000545
0.000623
0.000592
0.000540
0.000696
0.000487
0.000493
0.001404
0.001069
0.000501
0.001328
0.000451
0.000521
0.000440
0.000502
0.000463
0.000501
0.001235
0.000533
0.000438
0.000503
0.000505
0.000578
0.000714
0.000480
0.000548
0.000834
0.000458
0.000458
0.001469
0.000543
0.000549
0.000506
0.000507
0.000570
0.000526
0.000624
0.000511
0.000442
0.000505
0.000507
0.000632
0.000492
0.000526
0.000494
0.001561
0.001350
0.000679
0.000591
0.001197
0.000608
0.000521
0.000536
0.000891
0.000543
0.000472
0.000516
0.000541
0.000502
0.000524
0.000663
0.000522
0.001246
0.000494
0.000527
0.000564
0.000541
0.000471
0.000490
0.001407
0.001306
0.000510
0.001881
0.000711
0.000472
0.000541
0.000446
0.000526
0.000500
0.000600
0.000479
0.000490
0.000633
0.000515
0.000535
0.000624
0.000536
0.000490
0.001676
0.000699
0.000431
0.001435
0.000616
0.000526
0.001647
0.000553
0.000488
0.000521
0.000503
0.000452
0.000511
0.000515
0.000490
0.000528
