0.000767
0.001732
0.000707
0.000682
0.001171
0.000671
0.000672
0.000846
0.001007
0.000646
0.000796
0.000736
0.000871
0.000858
0.000783
0.000644
0.000709
0.000736
0.001018
0.000726
0.000812
0.000803
0.000764
0.000955
0.001051
0.000777
0.000902
0.000833
0.000766
0.000896
0.000839
0.001523
0.000655
0.000834
0.001128
0.000761
0.000913
0.000870
0.001923
0.000846
0.000759
0.001339
0.000835
0.000850
0.000880
0.000931
0.000862
0.000835
0.000990
0.000657
0.000798
0.001483
0.000696
0.000641
0.000883
0.000804
0.000952
0.001151
0.000814
0.000669
0.000800
0.000798
0.000841
0.000708
0.000810
0.000929
0.000765
0.000899
0.000752
0.000746
0.000841
0.000960
0.001680
0.000811
0.000871
0.000805
0.001234
0.000840
0.000904
0.000870
0.000734
0.001022
0.000767
0.000878
0.000760
0.000908
0.000809
0.000896
0.000824
0.000890
0.000691
0.000879
0.000904
0.000864
0.001070
0.000641
0.000829
0.000922
0.000656
0.000697
0.000821
0.000537
0.001013
0.000844
0.000855
0.000785
0.000965
0.000845
0.000615
0.000884
0.000887
0.000904
0.000840
0.001111
0.000922
0.000941
0.000913
0.000846
0.000876
0.000868
0.000835
0.000874
0.001053
0.000655
0.000817
0.000763
0.000654
0.000822
0.000864
0.000883
0.000730
0.000775
0.001104
0.000909
0.000937
0.000720
0.000833
0.001421
0.000837
0.000828
0.000786
0.001538
0.000611
0.000728
0.000950
0.000677
0.000761
0.000763
0.001141
0.000944
0.001066
0.000797
0.000800
0.000966
0.000843
0.001087
0.000839
0.001103
0.000835
0.000817
0.001472
0.000831
0.001423
0.000999
0.000949
0.000810
0.000760
0.000851
0.000755
0.001615
0.000660
0.000839
0.000979
0.000727
0.000821
0.000786
0.000889
0.000700
0.001089
0.000775
0.000680
0.000880
0.000945
0.000777
0.000938
0.000829
0.001109
0.000625
0.000835
0.000772
0.000654
0.000930
0.000818
0.001140
0.000664
0.000652
0.001062
0.000744
0.000881
0.000898
0.000860
0.000849
0.000787
0.002115
0.000820
0.000991
0.000644
0.000723
0.000718
0.000741
0.000889
0.000917
0.000930
0.000963
0.000827
0.000964
0.000968
0.000742
0.000908
0.000806
0.000742
0.000767
0.001127
0.000659
0.000796
0.000867
0.000903
0.000837
0.001417
0.000841
0.000743
0.000805
0.000990
0.000733
0.000733
0.000873
0.000693
0.000892
0.000800
0.001769
0.000799
0.000952
0.001130
0.000895
0.001082
0.000849
0.000977
0.000842
0.000753
0.000797
0.000877
0.000808
0.000827
0.000869
0.001562
0.000780
0.000802
0.000706
0.000861
0.000733
0.000656
0.002051
0.000665
0.000853
0.000855
0.000875
0.000783
0.000806
0.000539
0.000850
0.000783
0.000753
0.000869
0.000988
0.000825
0.000834
0.000782
0.000841
0.000821
0.000738
0.000874
0.000842
0.000789
0.001027
0.000795
0.000748
0.000974
0.000625
0.000867
0.000957
0.000709
0.000835
0.000727
0.000788
0.000809
0.000939
0.000608
0.000756
0.000871
0.001109
0.000877
0.001002
0.000671
0.000703
0.000801
0.000744
0.000880
0.000777
0.001608
0.000870
0.000648
0.000899
0.000785
0.000796
0.000655
0.000993
0.000832
0.000708
0.000827
0.000815
0.000867
0.000866
0.000779
0.000843
0.000806
0.000767
0.000822
0.000808
0.000899
0.000865
0.000889
0.001042
0.000827
0.000766
0.000781
0.000744
0.000828
0.000955
0.000953
0.000823
0.000709
0.000856
0.000785
0.000822
0.000785
0.000761
0.000809
0.000984
0.000696
0.000743
0.000730
0.001142
0.000803
0.000908
0.000809
0.000847
0.000933
0.000967
0.000862
0.001087
0.000965
0.000671
0.000805
0.000895
0.000866
0.000887
0.000844
0.000878
0.000870
0.001206
0.000763
0.000844
0.000769
0.000815
0.000897
0.000795
0.000845
0.000752
0.000787
0.000963
0.000763
0.000664
0.001167
0.000705
0.000828
0.001064
0.000783
0.001088
0.000790
0.000747
0.000789
0.000830
0.000779
0.001099
0.000664
0.000712
0.000876
0.000898
0.000818
0.001509
0.000630
0.000991
0.000673
0.001805
0.000804
0.000921
0.001937
0.000848
0.001089
0.001017
0.000802
0.000859
0.001142
0.001394
0.000868
0.000786
0.000950
0.000973
0.000774
0.000870
0.000813
0.000685
0.001121
0.000807
0.000958
0.000756
0.000843
0.001393
0.000683
0.001735
0.000903
0.001058
0.000743
0.000711
0.001332
0.000682
0.000838
0.000851
0.000958
0.000806
0.001020
0.000828
0.000890
0.000779
0.000951
0.000841
0.000830
0.000890
0.001088
0.000705
0.000810
0.001118
0.000650
0.000752
0.000755
0.000774
0.000805
0.000807
0.000848
0.001090
0.000726
0.001007
0.000828
0.000794
0.000792
0.000878
0.001174
0.000773
0.000778
0.000849
0.000803
0.000796
0.000835
0.001152
0.000682
0.000780
0.001718
0.000790
0.000862
0.000886
0.000856
0.000904
0.000798
0.000972
0.000652
0.000653
0.000707
0.000964
0.000848
0.000798
0.000935
0.000755
0.000814
0.001009
0.000672
0.000782
0.000775
0.000672
0.000602
0.000891
