0.000442
0.001247
0.000915
0.000458
0.000422
0.000922
0.000507
0.000541
0.000568
0.000437
0.000454
0.001139
0.000516
0.000469
0.000447
0.000434
0.000467
0.000904
0.000939
0.000541
0.000479
0.000452
0.000515
0.001236
0.000444
0.000440
0.000496
0.000450
0.000487
0.000455
0.000499
0.000443
0.000921
0.000866
0.000434
0.000445
0.000522
0.000881
0.000481
0.000485
0.000893
0.000481
0.000484
0.000426
0.000460
0.000408
0.001171
0.000456
0.000476
0.000445
0.000865
0.000918
0.000487
0.000512
0.000410
0.000481
0.000490
0.000513
0.000446
0.000893
0.000522
0.000884
0.000926
0.001661
0.000494
0.000404
0.000613
0.001373
0.000509
0.000497
0.000921
0.000884
0.000475
0.000452
0.000431
0.000457
0.000486
0.000497
0.000478
0.000865
0.000504
0.000516
0.000525
0.000463
0.000512
0.000478
0.000483
0.000426
0.001413
0.000440
0.000892
0.000466
0.001505
0.000900
0.000832
0.000559
0.000474
0.000444
0.000456
0.000424
0.000501
0.001241
0.000555
0.000455
0.000497
0.000508
0.000485
0.000414
0.000497
0.000478
0.000886
0.000917
0.000497
0.000900
0.000499
0.000457
0.000461
0.000490
0.000489
0.000498
0.000848
0.000475
0.000488
0.000446
0.000456
0.000477
0.000890
0.000480
0.000470
0.000786
0.000462
0.000440
0.000505
0.000605
0.000951
0.000477
0.000447
0.000510
0.000463
0.000429
0.001270
0.000493
0.000908
0.001664
0.000487
0.000446
0.000707
0.001755
0.000926
0.000471
0.000512
0.000923
0.000440
0.000670
0.000431
0.000529
0.000887
0.000456
0.000447
0.000577
0.000463
0.000484
0.000484
0.000485
0.000468
0.000485
0.000449
0.000447
0.000503
0.000985
0.000480
0.000487
0.000606
0.000471
0.000451
0.000476
0.000961
0.000904
0.000505
0.001259
0.000451
0.001223
0.000448
0.000916
0.000492
0.000479
0.000464
0.000487
0.000715
0.000537
0.000478
0.000455
0.000446
0.000407
0.000477
0.000474
0.000489
0.000453
0.000445
0.001572
0.000480
0.001096
0.000436
0.000471
0.000414
0.001135
0.000484
0.000893
0.000501
0.000466
0.000412
0.000481
0.001087
0.000449
0.000489
0.000472
0.000439
0.000454
0.001262
0.001714
0.000447
0.000521
0.000894
0.000932
0.000863
0.000411
0.000448
0.001529
0.000455
0.000434
0.000718
0.000479
0.000496
0.000468
0.001252
0.001600
0.000464
0.000454
0.000534
0.000417
0.000435
0.000439
0.000412
0.000468
0.000494
0.000486
0.000445
0.001574
0.001183
0.000463
0.000465
0.000926
0.000442
0.000486
0.000546
0.000917
0.000435
0.001345
0.000443
0.000449
0.000892
0.000470
0.000468
0.000849
0.000512
0.000470
0.000432
0.000489
0.000459
0.000531
0.000466
0.000480
0.000516
0.000433
0.000499
0.001015
0.000448
0.000462
0.000636
0.000464
0.000444
0.000918
0.000865
0.000455
0.000864
0.000466
0.000506
0.000397
0.000930
0.000482
0.000443
0.001390
0.000469
0.000452
0.000906
0.000493
0.000483
0.000955
0.000518
0.000416
0.000748
0.000481
0.000450
0.000469
0.000921
0.000468
0.000481
0.000897
0.000519
0.000426
0.000479
0.000850
0.000466
0.000443
0.000465
0.000498
0.000451
0.000468
0.000463
0.000492
0.000433
0.001703
0.000430
0.000671
0.000465
0.000441
0.000524
0.000482
0.000465
0.000487
0.000530
0.000460
0.000472
0.001680
0.000475
0.000930
0.000425
0.000485
0.000517
0.000885
0.000481
0.000474
0.000911
0.000530
0.000460
0.000485
0.000490
0.000462
0.000506
0.000453
0.000440
0.001247
0.000465
0.000479
0.000648
0.000482
0.000488
0.000460
0.000458
0.000461
0.000902
0.000522
0.000481
0.000497
0.000849
0.000914
0.001325
0.000475
0.000475
0.000462
0.000471
0.000438
0.000452
0.000468
0.000592
0.000446
0.000477
0.000492
0.000450
0.000484
0.000459
0.001027
0.000484
0.000422
0.000702
0.000520
0.000505
0.000476
0.000457
0.000492
0.000537
0.001239
0.000455
0.000490
0.000925
0.000881
0.000465
0.000456
0.000481
0.000436
0.000444
0.001254
0.000516
0.000443
0.000900
0.000467
0.000508
0.000459
0.000916
0.000468
0.000476
0.000869
0.000421
0.000909
0.000426
0.000523
0.000896
0.000458
0.000511
0.000458
0.000455
0.000483
0.001008
0.000450
0.000454
0.000915
0.000430
0.000901
0.000490
0.000448
0.000904
0.000910
0.000884
0.000441
0.000496
0.000569
0.000478
0.000454
0.000459
0.000925
0.000937
0.000550
0.000444
0.000442
0.000929
0.000442
0.000459
0.000506
0.000705
0.000488
0.000434
0.000961
0.000473
0.000479
0.000544
0.000458
0.000457
0.000687
0.000450
0.000475
0.000838
0.000437
0.000494
0.000437
0.000429
0.000488
0.000515
0.000447
0.000504
0.000450
0.000429
0.000482
0.000450
0.001785
0.001416
0.000543
0.000489
0.000470
0.000881
0.000920
0.000447
0.001493
0.001377
0.000481
0.001147
0.000622
0.000470
0.000456
0.001525
0.000930
0.000490
0.001158
0.000507
0.000460
0.000489
0.000901
0.000447
0.001509
0.000553
0.000932
