0.001298
0.001177
0.001234
0.001229
0.001337
0.001184
0.001267
0.001857
0.002033
0.001726
0.001191
0.002366
0.001214
0.001190
0.001510
0.001266
0.001193
0.001201
0.001362
0.001121
0.001732
0.001277
0.001204
0.001235
0.001609
0.001755
0.001237
0.001244
0.002104
0.001221
0.001111
0.001252
0.001252
0.001207
0.001137
0.001729
0.001314
0.001190
0.001255
0.001201
0.001689
0.001244
0.001172
0.001123
0.002448
0.001215
0.001239
0.001271
0.001218
0.001731
0.002025
0.001158
0.001131
0.001484
0.001360
0.001138
0.001374
0.001143
0.001250
0.001241
0.001628
0.001188
0.001203
0.001312
0.001273
0.001107
0.001399
0.001247
0.001252
0.001233
0.001131
0.001739
0.001342
0.001168
0.001172
0.001432
0.002460
0.001257
0.001103
0.001142
0.001201
0.001738
0.001344
0.001396
0.000539
0.000621
0.000532
0.001235
0.000562
0.001496
0.002191
0.001158
0.001170
0.002390
0.001308
0.001434
0.001236
0.001868
0.001149
0.001428
0.002808
0.001286
0.002250
0.001043
0.001140
0.001076
0.001200
0.001694
0.001239
0.001270
0.001250
0.001486
0.002542
0.001916
0.001855
0.001902
0.001284
0.001149
0.001415
0.002296
0.001287
0.001406
0.002137
0.001446
0.001557
0.001387
0.001211
0.001257
0.001207
0.001132
0.001140
0.001065
0.001298
0.001185
0.001309
0.001720
0.001486
0.001926
0.001294
0.002503
0.001114
0.001541
0.001376
0.002006
0.001373
0.001186
0.001179
0.001359
0.001264
0.001150
0.001915
0.001388
0.001353
0.001406
0.001488
0.001474
0.001227
0.001174
0.001298
0.001262
0.001389
0.002555
0.001393
0.002475
0.001986
0.001305
0.001131
0.001261
0.002036
0.001318
0.001529
0.001379
0.001277
0.001372
0.001485
0.001203
0.001260
0.001128
0.001160
0.001104
0.001494
0.001219
0.001667
0.001347
0.002362
0.001425
0.001515
0.001707
0.001107
0.002096
0.001943
0.001293
0.001337
0.001359
0.001194
0.001440
0.001586
0.001183
0.001949
0.001496
0.001763
0.001980
0.001428
0.001532
0.001025
0.001334
0.001223
0.001231
0.001173
0.001469
0.001284
0.001223
0.002517
0.001394
0.001286
0.001987
0.001198
0.001378
0.001203
0.001913
0.001729
0.001415
0.002176
0.001245
0.001169
0.001364
0.001705
0.002036
0.001227
0.001537
0.001339
0.001207
0.001977
0.001190
0.001990
0.002537
0.001935
0.001188
0.002561
0.001472
0.001515
0.001981
0.001259
0.001300
0.001935
0.001420
0.001149
0.001214
0.003029
0.001860
0.002097
0.002001
0.001384
0.001629
0.002684
0.001121
0.001398
0.001406
0.002689
0.001311
0.001169
0.001173
0.001481
0.001727
0.001212
0.001527
0.001906
0.001202
0.001131
0.001333
0.001224
0.001819
0.002013
0.001318
0.002769
0.001414
0.001148
0.001541
0.001430
0.001304
0.002912
0.001296
0.001410
0.001237
0.001316
0.001228
0.001662
0.001260
0.001526
0.001940
0.001750
0.001484
0.001971
0.001402
0.001161
0.001306
0.002120
0.001874
0.002052
0.001390
0.001961
0.001310
0.001329
0.001301
0.002423
0.001439
0.001147
0.001234
0.001182
0.001474
0.001355
0.001293
0.001246
0.002131
0.001450
0.001263
0.001221
0.002738
0.001259
0.001461
0.001634
0.001200
0.001151
0.001491
0.001881
0.001287
0.001353
0.001981
0.001262
0.002092
0.001787
0.001132
0.002116
0.001867
0.002159
0.001481
0.002009
0.001136
0.001273
0.001820
0.001470
0.001299
0.001190
0.001872
0.001752
0.001437
0.001196
0.001993
0.002014
0.001455
0.001486
0.001765
0.001397
0.003227
0.002715
0.002533
0.001206
0.001283
0.001466
0.001993
0.001240
0.001703
0.001431
0.002176
0.001344
0.001204
0.001189
0.001255
0.001445
0.001602
0.001223
0.001203
0.002293
0.001391
0.001886
0.001237
0.001209
0.002084
0.001159
0.001125
0.001190
0.001323
0.001238
0.001206
0.001144
0.001363
0.001235
0.001433
0.001899
0.001276
0.001532
0.001333
0.001260
0.001183
0.001406
0.001197
0.001488
0.001992
0.001141
0.001936
0.001708
0.001915
0.001393
0.001963
0.001248
0.001242
0.001347
0.001375
0.001599
0.001322
0.001751
0.002537
0.001227
0.001260
0.001951
0.002873
0.001253
0.001284
0.001281
0.001225
0.001176
0.002588
0.001206
0.001395
0.001210
0.001205
0.001396
0.001447
0.001275
0.001493
0.002293
0.001192
0.001331
0.001235
0.001730
0.001392
0.001185
0.002532
0.001354
0.002060
0.001214
0.001184
0.001179
0.001581
0.001356
0.001345
0.001597
0.001303
0.001635
0.002151
0.001123
0.002036
0.001885
0.001154
0.002056
0.002469
0.001469
0.002500
0.001174
0.001467
0.001083
0.001124
0.001189
0.001198
0.001169
0.001999
0.001141
0.001330
0.001256
0.001180
0.001204
0.001747
0.001122
0.001336
0.001271
0.001437
0.001223
0.001249
0.001177
0.001197
0.002278
0.001218
0.001291
0.001755
0.001200
0.001200
0.001238
0.001358
0.001153
0.001553
0.001947
0.001088
0.001190
0.001547
0.001331
0.001120
0.001130
0.001743
0.001755
0.001217
