0.001558
0.001758
0.001670
0.001956
0.001829
0.001409
0.001833
0.001909
0.001372
0.001451
0.001782
0.001383
0.001732
0.001861
0.001782
0.001286
0.002115
0.001826
0.001734
0.001464
0.001766
0.001932
0.001789
0.001778
0.001795
0.001444
0.001712
0.001869
0.001830
0.001809
0.001725
0.001685
0.001761
0.001758
0.001751
0.001303
0.001836
0.001790
0.001736
0.001731
0.001800
0.001812
0.001738
0.001502
0.001314
0.001790
0.001808
0.001864
0.001670
0.001767
0.001772
0.001954
0.001935
0.001858
0.001959
0.001371
0.001743
0.001787
0.001767
0.001776
0.001775
0.001542
0.001792
0.001848
0.001824
0.001761
0.002503
0.001868
0.001745
0.001730
0.001875
0.001841
0.001711
0.001688
0.001419
0.001669
0.001749
0.001255
0.001815
0.001776
0.001322
0.001682
0.001835
0.001928
0.001836
0.001732
0.001464
0.001853
0.001986
0.001412
0.001680
0.001851
0.001421
0.002729
0.002122
0.001669
0.001773
0.001773
0.001939
0.001762
0.001752
0.001814
0.001245
0.001736
0.001789
0.002232
0.001867
0.002179
0.001447
0.001527
0.001682
0.001759
0.001806
0.001779
0.001777
0.001704
0.001821
0.001457
0.001843
0.001899
0.001754
0.001743
0.001812
0.001808
0.001912
0.001292
0.001787
0.001651
0.001830
0.001720
0.001818
0.001887
0.001884
0.001746
0.001463
0.001431
0.001810
0.001811
0.001494
0.001701
0.001815
0.002075
0.001695
0.002044
0.001540
0.001721
0.002802
0.001788
0.001553
0.002895
0.001672
0.001897
0.001895
0.001470
0.001791
0.001779
0.001849
0.001845
0.001837
0.001770
0.001421
0.001792
0.001592
0.001789
0.001692
0.002342
0.002879
0.001793
0.001563
0.002453
0.001741
0.001678
0.001770
0.001675
0.001836
0.001773
0.002068
0.001551
0.001785
0.001768
0.002251
0.001836
0.001685
0.001836
0.001306
0.001833
0.001942
0.001587
0.002426
0.001745
0.001428
0.001731
0.001700
0.001912
0.001919
0.001781
0.001664
0.001918
0.001847
0.002237
0.001779
0.001865
0.001939
0.002519
0.001797
0.001869
0.001887
0.001941
0.001722
0.001236
0.002327
0.001804
0.001810
0.001468
0.001952
0.001733
0.001433
0.001897
0.001901
0.002630
0.001720
0.001876
0.001879
0.001803
0.001811
0.002152
0.001804
0.001751
0.001757
0.001853
0.001950
0.001766
0.001942
0.001764
0.001939
0.001647
0.001272
0.001870
0.001622
0.001589
0.001794
0.001949
0.001964
0.001764
0.001434
0.001773
0.001840
0.001656
0.001865
0.001683
0.001697
0.002141
0.001896
0.002014
0.001459
0.001787
0.001549
0.001942
0.001561
0.001486
0.001806
0.001633
0.001793
0.001820
0.001804
0.001497
0.002035
0.001672
0.001959
0.001770
0.001792
0.001831
0.001535
0.001704
0.001546
0.001912
0.001746
0.001708
0.001664
0.001817
0.001856
0.001515
0.001723
0.001701
0.001632
0.001946
0.001774
0.002066
0.002249
0.001924
0.002065
0.001887
0.001764
0.001856
0.001492
0.001972
0.001800
0.002632
0.001762
0.001789
0.002134
0.002427
0.001822
0.002151
0.002146
0.001819
0.002094
0.001845
0.001793
0.001846
0.001926
0.001648
0.001773
0.001691
0.001794
0.001671
0.001863
0.001668
0.001821
0.001814
0.001805
0.001829
0.001915
0.001722
0.001954
0.001772
0.001935
0.001674
0.002061
0.001859
0.001849
0.002572
0.001657
0.001814
0.001509
0.001620
0.001893
0.001828
0.002030
0.001650
0.001797
0.001732
0.001679
0.001787
0.001797
0.002072
0.001710
0.001691
0.001706
0.001663
0.001842
0.001540
0.002187
0.001520
0.001476
0.002465
0.001742
0.001696
0.002054
0.001497
0.001759
0.001267
0.002142
0.001710
0.002083
0.001761
0.001425
0.001914
0.001750
0.001776
0.001399
0.001768
0.002184
0.001645
0.002079
0.001423
0.001673
0.002132
0.001919
0.001254
0.001688
0.001788
0.001773
0.001591
0.001899
0.001491
0.001531
0.002221
0.001665
0.001850
0.001481
0.001761
0.001813
0.002185
0.001718
0.001799
0.001764
0.001941
0.001909
0.002395
0.001471
0.002162
0.001923
0.001574
0.002051
0.001770
0.001900
0.002104
0.002044
0.001671
0.001730
0.001923
0.001761
0.002140
0.001734
0.001342
0.001826
0.001816
0.002106
0.002033
0.001871
0.001670
0.001865
0.001824
0.001840
0.002619
0.001763
0.001509
0.002038
0.001788
0.001646
0.002054
0.001605
0.001956
0.001861
0.002064
0.001733
0.001301
0.001998
0.001711
0.002017
0.001820
0.001927
0.002110
0.002036
0.002812
0.002184
0.001775
0.001841
0.001572
0.001714
0.001958
0.001974
0.002105
0.001727
0.001827
0.001680
0.001966
0.001864
0.001876
0.001964
0.001378
0.002112
0.002009
0.001455
0.001829
0.002162
0.001844
0.002309
0.002024
0.001568
0.002173
0.002052
0.001851
0.002103
0.001771
0.001761
0.001682
0.001938
0.001776
0.002393
0.001841
0.001654
0.001382
0.002041
0.001918
0.001827
0.001807
0.001705
0.001865
0.001301
0.002518
0.001671
0.001677
0.002154
0.001832
0.001659
0.001373
0.001801
0.001911
