0.000717
0.000529
0.000975
0.000490
0.000529
0.000540
0.001423
0.001021
0.000518
0.000768
0.000521
0.000484
0.000669
0.000590
0.000816
0.000513
0.001771
0.000502
0.000524
0.000771
0.000524
0.000484
0.000508
0.000532
0.000522
0.000686
0.000479
0.000774
0.000542
0.001666
0.000668
0.000541
0.000693
0.000508
0.000511
0.000580
0.001521
0.000481
0.000533
0.000714
0.000736
0.000535
0.000538
0.000737
0.000444
0.000463
0.000686
0.001642
0.001536
0.000529
0.000793
0.000530
0.000496
0.000667
0.000497
0.000526
0.000682
0.000527
0.000521
0.000642
0.001640
0.001029
0.000520
0.000609
0.001611
0.000780
0.000531
0.000940
0.000569
0.001025
0.000674
0.000500
0.000486
0.000532
0.000868
0.000507
0.000537
0.001481
0.000555
0.000581
0.000701
0.000527
0.000571
0.000551
0.000555
0.000650
0.000588
0.000522
0.000464
0.000532
0.000867
0.000605
0.000517
0.000529
0.001633
0.000515
0.000697
0.000513
0.000569
0.001469
0.000502
0.000488
0.000594
0.000588
0.000530
0.000617
0.000536
0.000531
0.000542
0.000559
0.000567
0.000434
0.000568
0.000463
0.000511
0.000540
0.001135
0.000519
0.000578
0.001748
0.000648
0.000709
0.000794
0.000560
0.000513
0.000746
0.000492
0.000534
0.000613
0.000880
0.000583
0.000581
0.000517
0.000552
0.000691
0.001644
0.000483
0.000529
0.000871
0.000537
0.000593
0.000781
0.000546
0.000757
0.001019
0.000619
0.000637
0.000571
0.000528
0.000537
0.000957
0.000487
0.000536
0.000771
0.000707
0.000581
0.001643
0.000490
0.000558
0.000722
0.000574
0.000452
0.000524
0.000525
0.000484
0.000550
0.001334
0.000487
0.001030
0.000841
0.000797
0.001024
0.000903
0.000535
0.000538
0.000579
0.000524
0.000515
0.000519
0.001694
0.000607
0.000589
0.000814
0.000906
0.000483
0.000721
0.001111
0.000513
0.000760
0.000805
0.000499
0.000536
0.000469
0.000545
0.000541
0.000885
0.000940
0.000565
0.000578
0.000763
0.000520
0.000539
0.000633
0.001225
0.000469
0.000485
0.000727
0.000562
0.000448
0.001460
0.000494
0.000528
0.000525
0.000513
0.000526
0.000494
0.000756
0.000593
0.000564
0.000660
0.000527
0.000510
0.000707
0.000554
0.000590
0.000522
0.000520
0.000489
0.001534
0.000539
0.000529
0.000674
0.000514
0.000520
0.000756
0.000524
0.000528
0.001346
0.000523
0.000524
0.000581
0.001615
0.000789
0.000538
0.000456
0.000517
0.000473
0.000612
0.000468
0.000466
0.000536
0.001558
0.000708
0.001190
0.001565
0.000543
0.000543
0.000890
0.000790
0.000536
0.000795
0.000557
0.000537
0.000532
0.000675
0.000507
0.000536
0.000558
0.000523
0.000582
0.000519
0.000501
0.000591
0.001193
0.000992
0.001768
0.000776
0.000772
0.000522
0.001170
0.000499
0.000783
0.000737
0.000537
0.000544
0.000509
0.000472
0.000605
0.000540
0.001758
0.000538
0.000508
0.000673
0.000459
0.000536
0.000562
0.002535
0.000558
0.000575
0.000721
0.000511
0.000682
0.000505
0.000614
0.000540
0.000781
0.000530
0.000576
0.000858
0.000564
0.001575
0.000569
0.000525
0.000659
0.000542
0.000563
0.000810
0.000537
0.000477
0.000538
0.000559
0.000517
0.000495
0.001586
0.000513
0.000514
0.001423
0.000794
0.000530
0.000543
0.000472
0.000804
0.000477
0.000782
0.000551
0.000508
0.000588
0.000542
0.000532
0.000558
0.001770
0.000559
0.000530
0.000545
0.000549
0.000574
0.000550
0.000502
0.000784
0.000784
0.000522
0.000438
0.000651
0.000534
0.000623
0.000545
0.000506
0.000482
0.000832
0.000787
0.000487
0.000512
0.000534
0.000537
0.000521
0.000525
0.000521
0.000483
0.000701
0.000532
0.000539
0.000509
0.000834
0.000512
0.000790
0.000579
0.000530
0.000509
0.000545
0.000638
0.000450
0.000483
0.001368
0.000488
0.000505
0.000632
0.000499
0.000504
0.000521
0.001570
0.000510
0.000530
0.000827
0.000783
0.000570
0.001532
0.000551
0.000547
0.000744
0.000538
0.000495
0.000544
0.000514
0.001466
0.000512
0.000542
0.000536
0.000762
0.000761
0.000696
0.000580
0.000652
0.000552
0.000479
0.000775
0.000458
0.000781
0.000512
0.000506
0.000513
0.000547
0.000544
0.000556
0.000472
0.000931
0.000618
0.000742
0.000630
0.000516
0.001372
0.000529
0.000552
0.000578
0.000782
0.000527
0.000518
0.000696
0.000474
0.000766
0.001425
0.000442
0.000539
0.000555
0.000511
0.000527
0.000540
0.000494
0.000777
0.000558
0.000762
0.000516
0.000444
0.000482
0.000585
0.000473
0.000738
0.000521
0.000544
0.000788
0.000482
0.000497
0.000553
0.001543
0.000513
0.000576
0.001423
0.000748
0.000535
0.000520
0.000550
0.000506
0.000597
0.001555
0.000621
0.000691
0.000580
0.000775
0.000816
0.000549
0.001341
0.000525
0.000530
0.001219
0.000782
0.000509
0.000499
0.000824
0.000517
0.000771
0.000984
0.000551
0.000492
0.000817
0.000536
0.000533
0.000512
0.000680
0.000506
0.000604
0.000520
