0.000527
0.000752
0.000533
0.000692
0.000966
0.000952
0.000963
0.000503
0.000529
0.000507
0.000490
0.000537
0.000623
0.000488
0.000586
0.000502
0.000557
0.000485
0.000470
0.000914
0.000547
0.000544
0.000637
0.000538
0.001078
0.000503
0.000957
0.000515
0.001052
0.000558
0.000500
0.000915
0.000499
0.000524
0.000512
0.001747
0.000538
0.000466
0.000505
0.000535
0.000534
0.000507
0.000519
0.000454
0.000454
0.000536
0.000522
0.000905
0.000483
0.000478
0.000584
0.000534
0.000518
0.000531
0.000909
0.000530
0.000517
0.000974
0.000509
0.000488
0.000524
0.000517
0.000584
0.000702
0.000445
0.000470
0.000494
0.000496
0.000550
0.000493
0.000531
0.000503
0.000524
0.000676
0.000600
0.000524
0.000520
0.000502
0.000537
0.000791
0.000954
0.000503
0.000963
0.001357
0.000506
0.000541
0.000799
0.000469
0.000535
0.000611
0.000499
0.000549
0.000506
0.000492
0.000478
0.000502
0.001685
0.000519
0.000488
0.000597
0.000954
0.000546
0.000482
0.000935
0.000513
0.000470
0.000589
0.000575
0.000536
0.000486
0.000971
0.000510
0.000550
0.000533
0.000910
0.000498
0.000474
0.000526
0.000507
0.000532
0.000497
0.000488
0.000784
0.000487
0.000539
0.000489
0.000480
0.000525
0.000531
0.000985
0.000510
0.000508
0.000701
0.001198
0.000520
0.000504
0.000543
0.000538
0.000520
0.000530
0.000490
0.000516
0.000505
0.000451
0.000929
0.000525
0.000524
0.000662
0.000557
0.000682
0.000957
0.000493
0.000498
0.001252
0.000539
0.000499
0.000499
0.001213
0.000476
0.001216
0.000539
0.000520
0.000537
0.000502
0.000520
0.000499
0.000652
0.001140
0.000977
0.000526
0.000515
0.000505
0.001450
0.000543
0.000488
0.000483
0.000568
0.000491
0.000895
0.000514
0.000482
0.001220
0.000494
0.000814
0.000510
0.000525
0.001245
0.000511
0.000534
0.000551
0.000492
0.000507
0.000954
0.000552
0.000518
0.000490
0.000989
0.000589
0.000516
0.001154
0.000552
0.000524
0.001726
0.000505
0.000528
0.000944
0.000511
0.000535
0.000892
0.000517
0.000543
0.000480
0.000510
0.000528
0.000564
0.000501
0.000529
0.000545
0.000481
0.000492
0.000535
0.000410
0.000550
0.001010
0.000467
0.001187
0.000528
0.000527
0.000880
0.000489
0.000537
0.000870
0.000546
0.000486
0.001379
0.000966
0.000521
0.000611
0.000479
0.000520
0.000537
0.000472
0.000512
0.000477
0.000511
0.000477
0.000711
0.000891
0.000506
0.000473
0.000670
0.000482
0.000504
0.000500
0.000478
0.000477
0.000903
0.000562
0.000576
0.000498
0.000958
0.000507
0.000832
0.000950
0.000483
0.000481
0.000519
0.000511
0.000493
0.000685
0.000556
0.000476
0.000527
0.000489
0.000472
0.000474
0.000703
0.000519
0.000488
0.000543
0.000964
0.000968
0.001163
0.000504
0.000564
0.000476
0.000495
0.000492
0.000596
0.000978
0.000966
0.000554
0.001746
0.000962
0.000514
0.000518
0.000533
0.000522
0.000527
0.000495
0.000512
0.000490
0.001500
0.000502
0.000493
0.000496
0.000543
0.000518
0.000533
0.000517
0.000453
0.000645
0.000508
0.000578
0.000725
0.000498
0.000955
0.000956
0.000481
0.000953
0.000869
0.000520
0.001110
0.000968
0.001438
0.000524
0.000527
0.000463
0.000981
0.000438
0.000955
0.000526
0.000484
0.001218
0.000520
0.000552
0.000510
0.000501
0.000505
0.000529
0.000456
0.000495
0.000960
0.000481
0.000538
0.000492
0.000486
0.000498
0.000783
0.000539
0.000513
0.000746
0.000466
0.000565
0.000473
0.000523
0.000523
0.000535
0.001745
0.000479
0.000509
0.000485
0.000530
0.000521
0.000713
0.000702
0.000903
0.000524
0.000589
0.000476
0.001832
0.000521
0.001201
0.000545
0.000549
0.000483
0.000484
0.000526
0.000510
0.000547
0.000497
0.000498
0.000945
0.000545
0.001077
0.000827
0.000460
0.000518
0.000719
0.000957
0.000461
0.000542
0.000950
0.000555
0.000526
0.001380
0.000528
0.000920
0.000481
0.000496
0.000906
0.000527
0.000469
0.000472
0.000536
0.000508
0.000445
0.000644
0.000558
0.000477
0.001751
0.000543
0.000503
0.001168
0.000530
0.000512
0.000484
0.000453
0.000530
0.000512
0.001373
0.000561
0.000512
0.000521
0.001231
0.000529
0.000662
0.000523
0.000467
0.000539
0.000526
0.000941
0.000529
0.000495
0.000474
0.000467
0.000504
0.000500
0.000521
0.000717
0.000974
0.000975
0.000762
0.000545
0.000448
0.001721
0.000510
0.000969
0.000977
0.000928
0.000513
0.000788
0.000541
0.000522
0.000929
0.000960
0.000513
0.000507
0.000627
0.000554
0.000503
0.000501
0.001229
0.000506
0.000484
0.000500
0.000503
0.000481
0.001233
0.000522
0.000562
0.000546
0.000485
0.001314
0.002004
0.000530
0.000509
0.000467
0.000503
0.000498
0.000779
0.000513
0.000568
0.000915
0.000503
0.000517
0.000916
0.000502
0.000547
0.000977
0.000492
0.000514
0.001416
0.000480
0.000526
0.000496
0.000481
0.000534
0.001000
0.000547
