0.000663
0.000862
0.000854
0.000639
0.001010
0.000740
0.000701
0.002006
0.000624
0.000711
0.001459
0.000791
0.000652
0.001027
0.000719
0.000809
0.000864
0.000779
0.000848
0.000744
0.000648
0.000801
0.000731
0.000984
0.000604
0.000724
0.001016
0.000736
0.000740
0.000711
0.000842
0.000807
0.000663
0.001658
0.000752
0.000731
0.001300
0.000833
0.000905
0.000623
0.000704
0.000772
0.001196
0.000922
0.000622
0.000706
0.000901
0.000701
0.000734
0.000808
0.000732
0.000839
0.000791
0.000638
0.000717
0.000719
0.000905
0.000822
0.000769
0.000758
0.000828
0.000527
0.002063
0.000785
0.000801
0.000831
0.000783
0.000756
0.000988
0.000684
0.000829
0.000883
0.000764
0.000681
0.000966
0.000754
0.000881
0.000793
0.000633
0.000865
0.000783
0.000757
0.000761
0.000755
0.000885
0.000859
0.000703
0.000958
0.000666
0.000759
0.000694
0.000807
0.000833
0.000822
0.000811
0.000654
0.001020
0.000662
0.000866
0.001285
0.000886
0.000732
0.000689
0.000993
0.000741
0.000810
0.000744
0.000744
0.000688
0.000706
0.000777
0.000891
0.000734
0.001885
0.000768
0.000626
0.000798
0.000866
0.000847
0.001147
0.000827
0.000721
0.000708
0.000855
0.001023
0.000789
0.000743
0.000846
0.000976
0.001349
0.000621
0.000693
0.000816
0.001116
0.000650
0.000712
0.000604
0.000821
0.000757
0.000782
0.000841
0.000705
0.000751
0.000849
0.000775
0.000977
0.000738
0.000645
0.001669
0.000765
0.000877
0.000983
0.000777
0.000593
0.000927
0.000959
0.000803
0.000864
0.001565
0.000660
0.000852
0.000799
0.000670
0.000897
0.000720
0.000747
0.000955
0.000664
0.000955
0.000672
0.000934
0.000974
0.000740
0.000713
0.001534
0.000700
0.000774
0.000715
0.001752
0.000705
0.000837
0.000745
0.000579
0.000723
0.001037
0.000739
0.000550
0.000968
0.000705
0.000673
0.000733
0.000578
0.000571
0.000779
0.000728
0.000956
0.000516
0.000522
0.000761
0.000846
0.000778
0.002074
0.000555
0.000697
0.000982
0.000661
0.000812
0.000753
0.000731
0.000818
0.000650
0.000915
0.000701
0.000793
0.000835
0.000559
0.000886
0.000741
0.000631
0.000632
0.000850
0.000901
0.000714
0.000794
0.000998
0.001793
0.000999
0.000807
0.000811
0.000824
0.000743
0.000640
0.000846
0.000704
0.000801
0.000938
0.000801
0.000751
0.000840
0.000781
0.000617
0.000739
0.000725
0.001929
0.000652
0.000730
0.000573
0.000823
0.000736
0.000764
0.000920
0.000754
0.000922
0.001181
0.000753
0.000889
0.000693
0.000778
0.000594
0.000716
0.001003
0.000656
0.000689
0.000738
0.000857
0.000801
0.001656
0.000627
0.000805
0.000900
0.000866
0.000644
0.000779
0.000769
0.000829
0.000810
0.000716
0.000611
0.000839
0.000730
0.001583
0.000797
0.000738
0.001402
0.000982
0.000775
0.000701
0.000770
0.000699
0.000869
0.000968
0.000634
0.000804
0.000755
0.000590
0.000882
0.000690
0.001593
0.000592
0.000858
0.000920
0.000728
0.000725
0.001548
0.000642
0.000878
0.000734
0.000749
0.000597
0.000551
0.001638
0.000619
0.000557
0.000854
0.000700
0.000984
0.001302
0.000756
0.000845
0.000878
0.000849
0.000654
0.000650
0.000583
0.000753
0.000712
0.000810
0.000743
0.000635
0.001487
0.000628
0.000918
0.000651
0.000980
0.000752
0.000777
0.000849
0.001005
0.000663
0.000825
0.000824
0.000759
0.000756
0.000644
0.000884
0.000896
0.000728
0.000865
0.000733
0.001451
0.000814
0.000625
0.000812
0.000747
0.000623
0.000687
0.000936
0.000741
0.000691
0.001704
0.000625
0.000807
0.001615
0.000961
0.000786
0.000755
0.000649
0.000822
0.000747
0.000742
0.000786
0.000715
0.000749
0.000750
0.000736
0.001040
0.000615
0.000676
0.001902
0.000547
0.000831
0.000795
0.000650
0.000860
0.000736
0.000584
0.000783
0.000756
0.000929
0.000655
0.000945
0.001099
0.000591
0.000883
0.000718
0.000833
0.000738
0.000680
0.000865
0.000759
0.001254
0.000735
0.000724
0.000819
0.001005
0.000829
0.001927
0.000618
0.000769
0.000780
0.000799
0.000579
0.000762
0.001694
0.000874
0.000897
0.000951
0.000665
0.000613
0.000748
0.001010
0.001089
0.000659
0.000886
0.000825
0.000746
0.000752
0.000760
0.000761
0.000723
0.000784
0.000921
0.001377
0.001799
0.000548
0.000656
0.001347
0.000602
0.000922
0.000739
0.000785
0.000808
0.000755
0.000606
0.000689
0.000814
0.000978
0.000742
0.000791
0.000907
0.000742
0.000786
0.000730
0.000797
0.000682
0.000763
0.000622
0.000737
0.001695
0.000645
0.000644
0.001092
0.000627
0.000859
0.000777
0.000965
0.000766
0.000607
0.000964
0.000866
0.000722
0.000740
0.000874
0.000540
0.000715
0.001380
0.000733
0.000875
0.000769
0.001045
0.000873
0.000772
0.000633
0.000810
0.000810
0.000626
0.000613
0.000982
0.001007
0.000815
0.000885
0.000700
0.000765
0.000644
0.000527
0.000666
0.000754
0.000710
0.000724
0.000559
