0.002344
0.002266
0.002405
0.002079
0.003174
0.002756
0.002032
0.002270
0.002667
0.002149
0.001932
0.002268
0.002247
0.001817
0.002179
0.002148
0.002074
0.001841
0.002624
0.002384
0.002263
0.002599
0.001944
0.001899
0.002396
0.002084
0.001951
0.002366
0.002011
0.001795
0.001993
0.002219
0.002172
0.002345
0.002332
0.002397
0.003100
0.002208
0.002210
0.002349
0.002510
0.002632
0.002220
0.002192
0.002009
0.002472
0.002056
0.001835
0.002548
0.001540
0.002684
0.002611
0.002137
0.002258
0.001881
0.002423
0.002395
0.001977
0.002111
0.003410
0.001823
0.001850
0.002678
0.002238
0.002541
0.002180
0.002235
0.002052
0.002070
0.002429
0.002602
0.001916
0.002197
0.002045
0.002324
0.002126
0.001831
0.001347
0.002038
0.002634
0.002358
0.002284
0.001736
0.002082
0.002483
0.002265
0.001820
0.001816
0.002099
0.001968
0.003303
0.002569
0.002319
0.002366
0.002203
0.001824
0.002276
0.001947
0.002455
0.002205
0.002586
0.002102
0.001922
0.002802
0.002164
0.002096
0.002038
0.002188
0.001710
0.003126
0.001945
0.002094
0.003098
0.001755
0.002033
0.002787
0.002388
0.002333
0.002063
0.001684
0.002188
0.002070
0.003023
0.002698
0.002619
0.001572
0.002180
0.002517
0.002312
0.002123
0.002089
0.002022
0.001788
0.002027
0.002320
0.002124
0.001737
0.001976
0.001901
0.002452
0.002092
0.002007
0.002518
0.002191
0.001828
0.003014
0.001841
0.002238
0.002136
0.003650
0.002401
0.002197
0.001947
0.001829
0.001950
0.002084
0.002009
0.001775
0.002406
0.002242
0.002297
0.002280
0.002251
0.002447
0.002159
0.003515
0.001697
0.002747
0.002094
0.002712
0.002187
0.002315
0.002699
0.001977
0.002080
0.002389
0.001796
0.002255
0.001379
0.002148
0.002693
0.002783
0.002349
0.002015
0.002116
0.003009
0.001584
0.002171
0.002378
0.001912
0.002649
0.001563
0.002416
0.001729
0.001697
0.002463
0.002015
0.001942
0.003404
0.002153
0.001531
0.001778
0.002288
0.002480
0.002744
0.002014
0.002087
0.002160
0.001935
0.001800
0.002120
0.001908
0.002112
0.002226
0.002295
0.002266
0.001976
0.002421
0.001787
0.002287
0.003087
0.002192
0.002119
0.001716
0.001798
0.001993
0.002147
0.001681
0.002601
0.002313
0.001814
0.001784
0.002079
0.001554
0.002050
0.002007
0.003037
0.002286
0.002321
0.002134
0.002248
0.002064
0.002166
0.002170
0.001937
0.001878
0.002129
0.002441
0.001680
0.002453
0.002586
0.002045
0.002147
0.002064
0.002721
0.002093
0.002264
0.002509
0.002255
0.002798
0.001874
0.002027
0.001779
0.001744
0.001747
0.001997
0.002585
0.001879
0.001602
0.002356
0.002045
0.001774
0.002339
0.002521
0.001725
0.002056
0.002914
0.001805
0.002562
0.002194
0.002414
0.002460
0.002251
0.002201
0.001580
0.002014
0.002252
0.001862
0.002667
0.001779
0.002064
0.002558
0.002429
0.001896
0.002050
0.002138
0.002406
0.002125
0.003143
0.001859
0.002716
0.002221
0.002430
0.001759
0.002066
0.002259
0.002246
0.002195
0.001650
0.002504
0.001807
0.001993
0.002266
0.001690
0.002295
0.002472
0.002278
0.002362
0.002127
0.002287
0.002186
0.001738
0.002235
0.001937
0.002395
0.001858
0.001845
0.001615
0.002252
0.002305
0.002101
0.002123
0.002484
0.002104
0.001892
0.002645
0.001735
0.002043
0.002718
0.002332
0.002275
0.001932
0.002046
0.002025
0.002637
0.001784
0.002109
0.001657
0.002533
0.002420
0.002287
0.001715
0.001789
0.001952
0.002792
0.002165
0.002507
0.002598
0.002190
0.002687
0.002068
0.002650
0.002134
0.002619
0.001723
0.001806
0.002256
0.001948
0.002374
0.001852
0.001986
0.002090
0.001907
0.002168
0.002398
0.002429
0.002616
0.001583
0.002321
0.001388
0.002221
0.003168
0.002897
0.002113
0.002599
0.001869
0.001861
0.002132
0.002310
0.001685
0.002208
0.002829
0.001778
0.002254
0.002265
0.001822
0.002689
0.002173
0.002521
0.002362
0.001862
0.003275
0.002170
0.002281
0.002706
0.002027
0.002140
0.002020
0.002283
0.001949
0.002196
0.002071
0.002270
0.001433
0.003030
0.002077
0.002328
0.002286
0.002195
0.002431
0.002515
0.002349
0.002326
0.002213
0.002493
0.002200
0.002014
0.001835
0.003453
0.002455
0.002033
0.003389
0.002350
0.001577
0.002015
0.002280
0.002264
0.001425
0.002302
0.001898
0.001512
0.002460
0.002043
0.001938
0.001509
0.002445
0.002283
0.002417
0.001845
0.002157
0.001780
0.002123
0.002062
0.001898
0.002454
0.002182
0.002085
0.002108
0.001826
0.001958
0.001547
0.002183
0.002200
0.002782
0.002244
0.002146
0.001489
0.002294
0.002317
0.002111
0.002470
0.001868
0.002099
0.002265
0.002358
0.001381
0.001778
0.002273
0.001929
0.001549
0.002718
0.002305
0.002013
0.002102
0.002054
0.001481
0.002292
0.001991
0.002190
0.002539
0.002313
0.002358
0.001898
0.002191
0.001749
0.001984
0.002565
0.001848
0.001962
0.002470
