0.002206
0.001959
0.001920
0.001461
0.002142
0.002312
0.001420
0.002221
0.001416
0.001373
0.001387
0.002552
0.001359
0.002173
0.002835
0.002762
0.001424
0.002110
0.001398
0.001431
0.002354
0.002472
0.001541
0.001442
0.001964
0.003218
0.001915
0.002568
0.001790
0.001469
0.002295
0.001892
0.001560
0.001398
0.001701
0.001970
0.001887
0.001731
0.001542
0.001910
0.002574
0.002093
0.001423
0.002327
0.002863
0.001713
0.001959
0.002342
0.002102
0.002068
0.001958
0.002161
0.001490
0.002167
0.001409
0.001770
0.002699
0.002838
0.003769
0.002062
0.002181
0.001469
0.002273
0.001973
0.001508
0.001955
0.002268
0.001811
0.001489
0.001635
0.001618
0.002153
0.002187
0.001549
0.001467
0.001908
0.001388
0.001729
0.002689
0.001380
0.001518
0.002102
0.002406
0.001873
0.001749
0.001643
0.001482
0.002433
0.002217
0.001896
0.002043
0.002196
0.001451
0.001837
0.002314
0.001434
0.001821
0.002261
0.002220
0.001384
0.003206
0.001458
0.002670
0.002333
0.002719
0.001390
0.001978
0.002227
0.001449
0.002931
0.002706
0.001732
0.002344
0.001625
0.001461
0.002035
0.002868
0.001402
0.002900
0.002719
0.001593
0.001991
0.002676
0.001472
0.001401
0.002196
0.002857
0.001379
0.001899
0.003133
0.002703
0.002052
0.003264
0.001463
0.002089
0.001374
0.001735
0.002337
0.001587
0.001505
0.002287
0.001682
0.001366
0.002283
0.002915
0.002125
0.001366
0.002378
0.001784
0.002008
0.001454
0.002230
0.001598
0.002277
0.001430
0.001436
0.002164
0.001784
0.001469
0.002227
0.001477
0.001468
0.002243
0.002757
0.002675
0.002291
0.002515
0.001692
0.001536
0.002427
0.001663
0.001471
0.002297
0.002383
0.001420
0.002468
0.002205
0.001560
0.001766
0.002426
0.001777
0.001432
0.001744
0.001704
0.001476
0.002299
0.002282
0.001401
0.001688
0.001705
0.002288
0.001473
0.001866
0.002179
0.002883
0.001452
0.003081
0.001477
0.001470
0.002330
0.001727
0.001821
0.002090
0.001894
0.001362
0.001399
0.002248
0.001639
0.001946
0.002190
0.001472
0.001981
0.002227
0.002739
0.001605
0.002257
0.002169
0.001753
0.002149
0.002150
0.002479
0.002414
0.001695
0.002736
0.002703
0.002139
0.001735
0.001525
0.001376
0.002216
0.001451
0.001670
0.002412
0.001480
0.002200
0.002219
0.001844
0.001972
0.002562
0.001583
0.002838
0.002018
0.001718
0.001296
0.002232
0.001448
0.001386
0.001876
0.001515
0.002010
0.003091
0.003675
0.001430
0.001923
0.001657
0.002025
0.002200
0.001537
0.001420
0.002151
0.002472
0.002241
0.001418
0.001738
0.001390
0.001973
0.001958
0.001846
0.001595
0.001718
0.002995
0.001358
0.001662
0.002011
0.001486
0.002289
0.001475
0.002154
0.002334
0.002108
0.001606
0.001789
0.002185
0.002758
0.001642
0.002365
0.001731
0.001327
0.002312
0.001516
0.001408
0.002301
0.002634
0.001406
0.002306
0.003216
0.001945
0.002753
0.002007
0.001764
0.001411
0.002562
0.002130
0.001872
0.001965
0.002044
0.001435
0.003008
0.001901
0.001429
0.002498
0.003249
0.001962
0.002890
0.001874
0.001423
0.002198
0.002333
0.001453
0.001553
0.003252
0.002592
0.002773
0.002136
0.001560
0.001412
0.002434
0.001747
0.001573
0.002157
0.001656
0.001603
0.002324
0.001720
0.001464
0.002374
0.002009
0.001539
0.002757
0.002743
0.002550
0.001455
0.002091
0.001391
0.001487
0.002141
0.001715
0.001440
0.002267
0.002619
0.001398
0.002378
0.001984
0.001466
0.002302
0.001534
0.001376
0.002177
0.001931
0.001419
0.002959
0.001753
0.002599
0.002085
0.003093
0.002875
0.001664
0.002116
0.002430
0.001414
0.002441
0.001753
0.001799
0.002135
0.002593
0.001708
0.001886
0.002621
0.001378
0.002880
0.003203
0.001383
0.001356
0.001959
0.002706
0.001867
0.002279
0.002124
0.001373
0.003007
0.001738
0.001414
0.002517
0.002140
0.001463
0.002093
0.002380
0.001946
0.002350
0.003192
0.002725
0.001785
0.002280
0.001357
0.001407
0.002203
0.001602
0.002009
0.002729
0.002147
0.001470
0.002030
0.002248
0.001400
0.002463
0.002617
0.002855
0.001605
0.002299
0.002298
0.001435
0.002179
0.003129
0.002909
0.002038
0.002028
0.001661
0.001389
0.002333
0.003747
0.001596
0.001902
0.002366
0.001861
0.002454
0.001417
0.001492
0.002312
0.002470
0.002855
0.002135
0.002490
0.002246
0.002064
0.003153
0.001415
0.001973
0.002077
0.002405
0.001394
0.001996
0.002301
0.001496
0.002208
0.002106
0.001573
0.002230
0.001397
0.001386
0.002099
0.001971
0.003054
0.001472
0.002097
0.001662
0.001481
0.002146
0.001625
0.001372
0.002955
0.002754
0.001890
0.001921
0.001402
0.001457
0.001446
0.002382
0.001634
0.002662
0.002135
0.001549
0.002339
0.002137
0.001956
0.001431
0.002170
0.001449
0.001498
0.001427
0.003301
0.001723
0.001521
0.001967
0.002928
0.001436
0.001979
0.001426
0.002898
0.001903
0.002015
