0.001477
0.001449
0.001816
0.001205
0.001502
0.001145
0.001219
0.002766
0.001456
0.003295
0.001212
0.001436
0.002026
0.001496
0.001204
0.002099
0.002449
0.001117
0.002533
0.001199
0.001596
0.001701
0.001715
0.001336
0.001582
0.001755
0.001592
0.001692
0.001604
0.001814
0.001465
0.003188
0.001477
0.001170
0.001663
0.001790
0.001190
0.001488
0.001229
0.001499
0.001457
0.001491
0.001853
0.001133
0.001483
0.001251
0.001495
0.001439
0.001792
0.001970
0.001616
0.001776
0.001225
0.002481
0.001904
0.001175
0.001981
0.003582
0.001971
0.001524
0.002802
0.001156
0.001916
0.002095
0.001517
0.001474
0.002582
0.001752
0.001415
0.002239
0.001490
0.001582
0.001572
0.001454
0.001982
0.002614
0.001882
0.001499
0.001538
0.002184
0.002130
0.001517
0.001835
0.001145
0.001697
0.002607
0.001520
0.001164
0.001584
0.001449
0.001484
0.001482
0.001193
0.001510
0.001217
0.002393
0.001248
0.001155
0.001559
0.002241
0.001363
0.001450
0.001538
0.001929
0.001568
0.001826
0.001619
0.001453
0.001557
0.001760
0.001568
0.001523
0.001456
0.001456
0.001452
0.002686
0.001275
0.001242
0.001945
0.001522
0.001733
0.001602
0.001837
0.001452
0.002071
0.001814
0.001565
0.001991
0.001726
0.001436
0.001526
0.001737
0.001235
0.002498
0.002155
0.001948
0.001476
0.002440
0.001144
0.001826
0.002349
0.001463
0.001457
0.001577
0.001478
0.001666
0.001948
0.001971
0.002534
0.001925
0.001458
0.001443
0.002499
0.001763
0.001546
0.001424
0.001503
0.001147
0.001902
0.001740
0.001193
0.001559
0.001423
0.001144
0.002666
0.001745
0.001495
0.001434
0.002040
0.001830
0.001170
0.001445
0.001494
0.001413
0.003157
0.001736
0.002457
0.002000
0.001866
0.001412
0.002121
0.001868
0.001719
0.002014
0.001945
0.001496
0.002094
0.001285
0.001371
0.002187
0.001451
0.002483
0.001784
0.001518
0.001172
0.001903
0.001131
0.001445
0.001871
0.002001
0.001462
0.002490
0.001548
0.001475
0.001468
0.002335
0.001427
0.001532
0.001888
0.001409
0.001429
0.001662
0.001511
0.001188
0.001394
0.002664
0.001433
0.001245
0.001561
0.002091
0.001215
0.001458
0.002262
0.001205
0.001619
0.001781
0.001427
0.001538
0.002636
0.002047
0.002294
0.001481
0.002298
0.002019
0.002052
0.001755
0.002937
0.002455
0.001485
0.001996
0.002309
0.001437
0.001690
0.001481
0.001450
0.001692
0.001676
0.001443
0.001421
0.002202
0.001534
0.001463
0.001538
0.001291
0.001455
0.001575
0.001286
0.001701
0.001446
0.001446
0.001475
0.001544
0.001511
0.001538
0.001523
0.002028
0.001730
0.001620
0.001614
0.001524
0.001729
0.001637
0.001133
0.001633
0.002387
0.001294
0.001789
0.001439
0.001251
0.001518
0.001453
0.001433
0.001678
0.001251
0.001990
0.001185
0.001215
0.001418
0.001533
0.001512
0.001485
0.001442
0.001183
0.001572
0.001430
0.001976
0.001452
0.001128
0.001699
0.001425
0.001872
0.001356
0.001198
0.001455
0.001239
0.001283
0.002380
0.001942
0.001506
0.001225
0.001606
0.001758
0.001419
0.001742
0.002045
0.001480
0.001487
0.001621
0.002004
0.001743
0.001550
0.001105
0.001579
0.001921
0.002407
0.001272
0.001769
0.001494
0.002159
0.001438
0.001459
0.001725
0.001439
0.001604
0.001559
0.001228
0.001537
0.001612
0.001475
0.001475
0.001445
0.002422
0.001776
0.001488
0.001702
0.001885
0.001261
0.001578
0.002279
0.002429
0.001693
0.002416
0.001405
0.001700
0.002474
0.002366
0.001324
0.001661
0.001717
0.001229
0.001830
0.001754
0.001332
0.002010
0.002426
0.001439
0.002068
0.002614
0.002469
0.002469
0.002350
0.002344
0.002824
0.002186
0.001476
0.001881
0.001538
0.001300
0.001531
0.001809
0.001232
0.001482
0.001233
0.001193
0.002415
0.001329
0.001759
0.002732
0.001534
0.001318
0.001455
0.001479
0.002128
0.001226
0.001471
0.001457
0.001182
0.001489
0.001474
0.001472
0.002412
0.001542
0.001439
0.001237
0.001869
0.001445
0.002435
0.001553
0.002736
0.001467
0.001502
0.001624
0.001401
0.001282
0.001617
0.001727
0.001201
0.001875
0.001449
0.001710
0.001443
0.002084
0.001539
0.001668
0.001717
0.001280
0.001218
0.001827
0.001961
0.001233
0.001554
0.001727
0.001493
0.001520
0.001797
0.001202
0.001144
0.001478
0.001191
0.001205
0.002001
0.001541
0.001161
0.001229
0.002024
0.001170
0.001641
0.001602
0.001698
0.001430
0.001506
0.001182
0.001495
0.001823
0.001472
0.001466
0.001830
0.001644
0.001210
0.001197
0.001666
0.001160
0.001968
0.001205
0.001131
0.001948
0.001247
0.001751
0.001476
0.001475
0.001458
0.001862
0.001923
0.001469
0.001795
0.001485
0.001437
0.001751
0.002082
0.001198
0.001478
0.002007
0.001208
0.002514
0.001502
0.002199
0.001177
0.001179
0.001583
0.001651
0.001953
0.001562
0.001504
0.001439
0.001484
0.001289
0.001453
0.001518
0.001549
0.003219
